-4.000000,-25.058077,-23.661257
-3.996667,-25.059065,-23.662323
-3.993333,-25.051144,-23.654976
-3.990000,-25.034315,-23.639219
-3.986667,-25.008587,-23.615057
-3.983333,-24.973967,-23.582499
-3.980000,-24.930468,-23.541557
-3.976667,-24.878103,-23.492245
-3.973333,-24.816895,-23.434578
-3.970000,-24.746862,-23.368582
-3.966667,-24.668030,-23.294275
-3.963333,-24.580429,-23.211687
-3.960000,-24.484087,-23.120846
-3.956667,-24.379042,-23.021786
-3.953333,-24.265327,-22.914537
-3.950000,-24.142986,-22.799145
-3.946667,-24.012060,-22.675644
-3.943333,-23.872597,-22.544083
-3.940000,-23.724646,-22.404505
-3.936667,-23.568260,-22.256962
-3.933333,-23.403496,-22.101505
-3.930000,-23.230408,-21.938190
-3.926667,-23.049063,-21.767075
-3.923333,-22.859522,-21.588221
-3.920000,-22.661854,-21.401691
-3.916667,-22.456127,-21.207552
-3.913333,-22.242418,-21.005873
-3.910000,-22.020800,-20.796726
-3.906667,-21.791351,-20.580183
-3.903333,-21.554157,-20.356325
-3.900000,-21.309298,-20.125229
-3.896667,-21.056862,-19.886976
-3.893333,-20.796940,-19.641653
-3.890000,-20.529625,-19.389347
-3.886667,-20.255009,-19.130148
-3.883333,-19.973192,-18.864145
-3.880000,-19.684275,-18.591436
-3.876667,-19.388357,-18.312119
-3.873333,-19.085546,-18.026289
-3.870000,-18.775951,-17.734051
-3.866667,-18.459679,-17.435507
-3.863333,-18.136845,-17.130762
-3.860000,-17.807560,-16.819929
-3.856667,-17.471945,-16.503115
-3.853333,-17.130119,-16.180433
-3.850000,-16.782202,-15.851999
-3.846667,-16.428316,-15.517928
-3.843333,-16.068592,-15.178340
-3.840000,-15.703153,-14.833356
-3.836667,-15.332131,-14.483097
-3.833333,-14.955659,-14.127689
-3.830000,-14.573868,-13.767259
-3.826667,-14.186896,-13.401933
-3.823333,-13.794880,-13.031842
-3.820000,-13.397960,-12.657118
-3.816667,-12.996275,-12.277893
-3.813333,-12.589971,-11.894303
-3.810000,-12.179189,-11.506485
-3.806667,-11.764077,-11.114575
-3.803333,-11.344783,-10.718714
-3.800000,-10.921455,-10.319041
-3.796667,-10.494244,-9.915700
-3.793333,-10.063302,-9.508833
-3.790000,-9.628782,-9.098585
-3.786667,-9.190839,-8.685103
-3.783333,-8.749627,-8.268533
-3.780000,-8.305305,-7.849022
-3.776667,-7.858030,-7.426721
-3.773333,-7.407961,-7.001780
-3.770000,-6.955258,-6.574348
-3.766667,-6.500082,-6.144580
-3.763333,-6.042595,-5.712627
-3.760000,-5.582960,-5.278643
-3.756667,-5.121340,-4.842782
-3.753333,-4.657899,-4.405199
-3.750000,-4.192802,-3.966049
-3.746667,-3.726214,-3.525490
-3.743333,-3.258301,-3.083677
-3.740000,-2.789230,-2.640768
-3.736667,-2.319167,-2.196920
-3.733333,-1.848279,-1.752291
-3.730000,-1.376735,-1.307039
-3.726667,-0.904701,-0.861322
-3.723333,-0.432345,-0.415299
-3.720000,0.040165,0.030872
-3.716667,0.512660,0.477032
-3.713333,0.984973,0.923022
-3.710000,1.456935,1.368684
-3.706667,1.928380,1.813859
-3.703333,2.399139,2.258389
-3.700000,2.869045,2.702117
-3.696667,3.337931,3.144884
-3.693333,3.805631,3.586532
-3.690000,4.271977,4.026906
-3.686667,4.736804,4.465847
-3.683333,5.199947,4.903202
-3.680000,5.661242,5.338812
-3.676667,6.120523,5.772524
-3.673333,6.577629,6.204185
-3.670000,7.032395,6.633638
-3.666667,7.484662,7.060734
-3.663333,7.934267,7.485319
-3.660000,8.381051,7.907243
-3.656667,8.824856,8.326356
-3.653333,9.265523,8.742508
-3.650000,9.702895,9.155551
-3.646667,10.136818,9.565340
-3.643333,10.567137,9.971727
-3.640000,10.993698,10.374570
-3.636667,11.416350,10.773723
-3.633333,11.834945,11.169046
-3.630000,12.249331,11.560398
-3.626667,12.659361,11.947639
-3.623333,13.064891,12.330633
-3.620000,13.465775,12.709243
-3.616667,13.861872,13.083334
-3.613333,14.253040,13.452773
-3.610000,14.639141,13.817430
-3.606667,15.020037,14.177173
-3.603333,15.395593,14.531876
-3.600000,15.765675,14.881412
-3.596667,16.130150,15.225657
-3.593333,16.488892,15.564488
-3.590000,16.841770,15.897786
-3.586667,17.188662,16.225431
-3.583333,17.529440,16.547308
-3.580000,17.863987,16.863300
-3.576667,18.192183,17.173298
-3.573333,18.513910,17.477190
-3.570000,18.829056,17.774868
-3.566667,19.137506,18.066225
-3.563333,19.439152,18.351160
-3.560000,19.733887,18.629570
-3.556667,20.021605,18.901358
-3.553333,20.302204,19.166422
-3.550000,20.575584,19.424675
-3.546667,20.841652,19.676020
-3.543333,21.100307,19.920368
-3.540000,21.351460,20.157637
-3.536667,21.595022,20.387735
-3.533333,21.830906,20.610586
-3.530000,22.059029,20.826109
-3.526667,22.279308,21.034229
-3.523333,22.491665,21.234869
-3.520000,22.696026,21.427958
-3.516667,22.892319,21.613430
-3.513333,23.080471,21.791216
-3.510000,23.260418,21.961256
-3.506667,23.432093,22.123486
-3.503333,23.595438,22.277851
-3.500000,23.750395,22.424295
-3.496667,23.896906,22.562767
-3.493333,24.034920,22.693216
-3.490000,24.164391,22.815598
-3.486667,24.285269,22.929865
-3.483333,24.397511,23.035982
-3.480000,24.501080,23.133907
-3.476667,24.595938,23.223608
-3.473333,24.682051,23.305052
-3.470000,24.759388,23.378210
-3.466667,24.827923,23.443056
-3.463333,24.887629,23.499565
-3.460000,24.938488,23.547722
-3.456667,24.980478,23.587505
-3.453333,25.013588,23.618902
-3.450000,25.037804,23.641901
-3.446667,25.053118,23.656494
-3.443333,25.059525,23.662676
-3.440000,25.057022,23.660446
-3.436667,25.045610,23.649803
-3.433333,25.025293,23.630751
-3.430000,24.996078,23.603298
-3.426667,24.957977,23.567453
-3.423333,24.911001,23.523228
-3.420000,24.855169,23.470640
-3.416667,24.790499,23.409706
-3.413333,24.717016,23.340450
-3.410000,24.634743,23.262896
-3.406667,24.543713,23.177069
-3.403333,24.443956,23.083002
-3.400000,24.335508,22.980730
-3.396667,24.218409,22.870285
-3.393333,24.092697,22.751709
-3.390000,23.958420,22.625044
-3.386667,23.815624,22.490335
-3.383333,23.664362,22.347630
-3.380000,23.504686,22.196980
-3.376667,23.336653,22.038437
-3.373333,23.160322,21.872057
-3.370000,22.975756,21.697903
-3.366667,22.783022,21.516033
-3.363333,22.582188,21.326513
-3.360000,22.373323,21.129412
-3.356667,22.156506,20.924797
-3.353333,21.931810,20.712742
-3.350000,21.699316,20.493324
-3.346667,21.459106,20.266619
-3.343333,21.211269,20.032707
-3.340000,20.955889,19.791676
-3.336667,20.693058,19.543604
-3.333333,20.422871,19.288586
-3.330000,20.145420,19.026709
-3.326667,19.860809,18.758068
-3.323333,19.569136,18.482758
-3.320000,19.270504,18.200874
-3.316667,18.965021,17.912521
-3.313333,18.652796,17.617800
-3.310000,18.333939,17.316813
-3.306667,18.008564,17.009670
-3.303333,17.676785,16.696480
-3.300000,17.338720,16.377352
-3.296667,16.994492,16.052402
-3.293333,16.644222,15.721745
-3.290000,16.288033,15.385498
-3.286667,15.926053,15.043780
-3.283333,15.558412,14.696714
-3.280000,15.185238,14.344423
-3.276667,14.806665,13.987032
-3.273333,14.422828,13.624667
-3.270000,14.033862,13.257459
-3.266667,13.639908,12.885536
-3.263333,13.241103,12.509032
-3.260000,12.837591,12.128081
-3.256667,12.429515,11.742818
-3.253333,12.017018,11.353379
-3.250000,11.600250,10.959905
-3.246667,11.179358,10.562532
-3.243333,10.754490,10.161406
-3.240000,10.325798,9.756665
-3.236667,9.893435,9.348456
-3.233333,9.457556,8.936923
-3.230000,9.018312,8.522213
-3.226667,8.575864,8.104473
-3.223333,8.130365,7.683851
-3.220000,7.681976,7.260497
-3.216667,7.230856,6.834562
-3.213333,6.777165,6.406197
-3.210000,6.321064,5.975554
-3.206667,5.862716,5.542786
-3.203333,5.402284,5.108048
-3.200000,4.939930,4.671494
-3.196667,4.475820,4.233278
-3.193333,4.010119,3.793558
-3.190000,3.542992,3.352489
-3.186667,3.074606,2.910228
-3.183333,2.605126,2.466932
-3.180000,2.134720,2.022759
-3.176667,1.663555,1.577867
-3.173333,1.191799,1.132414
-3.170000,0.719618,0.686558
-3.166667,0.247182,0.240458
-3.163333,-0.225342,-0.205727
-3.160000,-0.697785,-0.651840
-3.156667,-1.169981,-1.097720
-3.153333,-1.641761,-1.543210
-3.150000,-2.112957,-1.988152
-3.146667,-2.583402,-2.432386
-3.143333,-3.052928,-2.875756
-3.140000,-3.521369,-3.318103
-3.136667,-3.988557,-3.759271
-3.133333,-4.454328,-4.199102
-3.130000,-4.918515,-4.637440
-3.126667,-5.380953,-5.074129
-3.123333,-5.841478,-5.509014
-3.120000,-6.299926,-5.941941
-3.116667,-6.756135,-6.372755
-3.113333,-7.209941,-6.801302
-3.110000,-7.661183,-7.227432
-3.106667,-8.109702,-7.650992
-3.103333,-8.555338,-8.071833
-3.100000,-8.997931,-8.489802
-3.096667,-9.437325,-8.904754
-3.093333,-9.873364,-9.316539
-3.090000,-10.305893,-9.725012
-3.086667,-10.734757,-10.130028
-3.083333,-11.159805,-10.531441
-3.080000,-11.580885,-10.929111
-3.076667,-11.997848,-11.322894
-3.073333,-12.410544,-11.712651
-3.070000,-12.818828,-12.098245
-3.066667,-13.222554,-12.479536
-3.063333,-13.621580,-12.856391
-3.060000,-14.015761,-13.228675
-3.056667,-14.404961,-13.596255
-3.053333,-14.789038,-13.959002
-3.050000,-15.167857,-14.316785
-3.046667,-15.541284,-14.669477
-3.043333,-15.909184,-15.016954
-3.040000,-16.271427,-15.359093
-3.036667,-16.627888,-15.695770
-3.033333,-16.978434,-16.026867
-3.030000,-17.322945,-16.352264
-3.026667,-17.661295,-16.671850
-3.023333,-17.993368,-16.985506
-3.020000,-18.319042,-17.293125
-3.016667,-18.638203,-17.594593
-3.013333,-18.950737,-17.889807
-3.010000,-19.256535,-18.178659
-3.006667,-19.555485,-18.461050
-3.003333,-19.847483,-18.736876
-3.000000,-20.132421,-19.006039
-2.996667,-20.410206,-19.268446
-2.993333,-20.680731,-19.524002
-2.990000,-20.943903,-19.772615
-2.986667,-21.199631,-20.014200
-2.983333,-21.447819,-20.248669
-2.980000,-21.688383,-20.475937
-2.976667,-21.921234,-20.695925
-2.973333,-22.146292,-20.908556
-2.970000,-22.363476,-21.113752
-2.966667,-22.572710,-21.311441
-2.963333,-22.773916,-21.501554
-2.960000,-22.967028,-21.684021
-2.956667,-23.151972,-21.858780
-2.953333,-23.328684,-22.025766
-2.950000,-23.497103,-22.184921
-2.946667,-23.657167,-22.336187
-2.943333,-23.808819,-22.479513
-2.940000,-23.952007,-22.614847
-2.936667,-24.086679,-22.742140
-2.933333,-24.212788,-22.861347
-2.930000,-24.330286,-22.972425
-2.926667,-24.439135,-23.075336
-2.923333,-24.539293,-23.170042
-2.920000,-24.630730,-23.256512
-2.916667,-24.713406,-23.334711
-2.913333,-24.787296,-23.404613
-2.910000,-24.852373,-23.466196
-2.906667,-24.908615,-23.519434
-2.903333,-24.956001,-23.564310
-2.900000,-24.994513,-23.600809
-2.896667,-25.024139,-23.628916
-2.893333,-25.044867,-23.648623
-2.890000,-25.056690,-23.659920
-2.886667,-25.059607,-23.662806
-2.883333,-25.053612,-23.657278
-2.880000,-25.038708,-23.643339
-2.876667,-25.014904,-23.620993
-2.873333,-24.982204,-23.590250
-2.870000,-24.940624,-23.551119
-2.866667,-24.890175,-23.503614
-2.863333,-24.830877,-23.447754
-2.860000,-24.762751,-23.383556
-2.856667,-24.685820,-23.311045
-2.853333,-24.600111,-23.230246
-2.850000,-24.505657,-23.141186
-2.846667,-24.402491,-23.043900
-2.843333,-24.290648,-22.938419
-2.840000,-24.170168,-22.824783
-2.836667,-24.041094,-22.703032
-2.833333,-23.903473,-22.573210
-2.830000,-23.757353,-22.435362
-2.826667,-23.602787,-22.289536
-2.823333,-23.439827,-22.135786
-2.820000,-23.268536,-21.974165
-2.816667,-23.088970,-21.804731
-2.813333,-22.901196,-21.627546
-2.810000,-22.705278,-21.442671
-2.806667,-22.501289,-21.250170
-2.803333,-22.289299,-21.050116
-2.800000,-22.069384,-20.842577
-2.796667,-21.841623,-20.627628
-2.793333,-21.606096,-20.405344
-2.790000,-21.362886,-20.175806
-2.786667,-21.112082,-19.939093
-2.783333,-20.853771,-19.695292
-2.780000,-20.588045,-19.444489
-2.776667,-20.315001,-19.186771
-2.773333,-20.034733,-18.922232
-2.770000,-19.747341,-18.650967
-2.766667,-19.452929,-18.373068
-2.763333,-19.151600,-18.088638
-2.760000,-18.843462,-17.797775
-2.756667,-18.528624,-17.500586
-2.753333,-18.207197,-17.197174
-2.750000,-17.879299,-16.887648
-2.746667,-17.545042,-16.572117
-2.743333,-17.204548,-16.250694
-2.740000,-16.857939,-15.923494
-2.736667,-16.505333,-15.590632
-2.733333,-16.146860,-15.252228
-2.730000,-15.782646,-14.908400
-2.726667,-15.412820,-14.559271
-2.723333,-15.037515,-14.204966
-2.720000,-14.656863,-13.845610
-2.716667,-14.271000,-13.481332
-2.713333,-13.880062,-13.112260
-2.710000,-13.484190,-12.738526
-2.706667,-13.083524,-12.360264
-2.703333,-12.678205,-11.977607
-2.700000,-12.268380,-11.590691
-2.696667,-11.854192,-11.199654
-2.693333,-11.435790,-10.804635
-2.690000,-11.013321,-10.405774
-2.686667,-10.586937,-10.003214
-2.683333,-10.156789,-9.597097
-2.680000,-9.723029,-9.187569
-2.676667,-9.285813,-8.774773
-2.673333,-8.845295,-8.358858
-2.670000,-8.401632,-7.939970
-2.666667,-7.954982,-7.518260
-2.663333,-7.505504,-7.093876
-2.660000,-7.053357,-6.666971
-2.656667,-6.598702,-6.237695
-2.653333,-6.141701,-5.806201
-2.650000,-5.682517,-5.372643
-2.646667,-5.221312,-4.937175
-2.643333,-4.758250,-4.499951
-2.640000,-4.293497,-4.061127
-2.636667,-3.827218,-3.620860
-2.633333,-3.359577,-3.179305
-2.630000,-2.890742,-2.736619
-2.626667,-2.420880,-2.292961
-2.623333,-1.950156,-1.848487
-2.620000,-1.478740,-1.403356
-2.616667,-1.006797,-0.957726
-2.613333,-0.534497,-0.511756
-2.610000,-0.062006,-0.065604
-2.606667,0.410506,0.380572
-2.603333,0.882873,0.826612
-2.600000,1.354926,1.272358
-2.596667,1.826497,1.717652
-2.593333,2.297418,2.162336
-2.590000,2.767523,2.606250
-2.586667,3.236644,3.049238
-2.583333,3.704613,3.491142
-2.580000,4.171267,3.931804
-2.576667,4.636436,4.371068
-2.573333,5.099957,4.808779
-2.570000,5.561666,5.244780
-2.566667,6.021396,5.678916
-2.563333,6.478986,6.111032
-2.560000,6.934272,6.540977
-2.556667,7.387093,6.968595
-2.553333,7.837287,7.393736
-2.550000,8.284695,7.816248
-2.546667,8.729156,8.235981
-2.543333,9.170515,8.652785
-2.540000,9.608613,9.066514
-2.536667,10.043295,9.477018
-2.533333,10.474406,9.884153
-2.530000,10.901793,10.287774
-2.526667,11.325303,10.687737
-2.523333,11.744787,11.083900
-2.520000,12.160095,11.476123
-2.516667,12.571080,11.864265
-2.513333,12.977595,12.248189
-2.510000,13.379497,12.627758
-2.506667,13.776641,13.002837
-2.503333,14.168886,13.373294
-2.500000,14.556094,13.738995
-2.496667,14.938128,14.099812
-2.493333,15.314849,14.455615
-2.490000,15.686126,14.806279
-2.486667,16.051825,15.151678
-2.483333,16.411818,15.491691
-2.480000,16.765974,15.826195
-2.476667,17.114170,16.155073
-2.473333,17.456282,16.478207
-2.470000,17.792187,16.795481
-2.466667,18.121765,17.106785
-2.463333,18.444901,17.412006
-2.460000,18.761478,17.711037
-2.456667,19.071384,18.003769
-2.453333,19.374512,18.290102
-2.450000,19.670750,18.569931
-2.446667,19.959993,18.843157
-2.443333,20.242142,19.109684
-2.440000,20.517092,19.369417
-2.436667,20.784746,19.622263
-2.433333,21.045013,19.868134
-2.430000,21.297796,20.106937
-2.426667,21.543007,20.338594
-2.423333,21.780558,20.563021
-2.420000,22.010366,20.780134
-2.416667,22.232347,20.989861
-2.413333,22.446424,21.192123
-2.410000,22.652521,21.386852
-2.406667,22.850563,21.573977
-2.403333,23.040482,21.753429
-2.400000,23.222208,21.925150
-2.396667,23.395678,22.089073
-2.393333,23.560829,22.245144
-2.390000,23.717604,22.393305
-2.386667,23.865946,22.533504
-2.383333,24.005802,22.665691
-2.380000,24.137123,22.789822
-2.376667,24.259861,22.905848
-2.373333,24.373976,23.013729
-2.370000,24.479424,23.113430
-2.366667,24.576168,23.204912
-2.363333,24.664175,23.288143
-2.360000,24.743412,23.363094
-2.356667,24.813850,23.429741
-2.353333,24.875469,23.488054
-2.350000,24.928242,23.538017
-2.346667,24.972151,23.579613
-2.343333,25.007183,23.612823
-2.340000,25.033323,23.637640
-2.336667,25.050562,23.654051
-2.333333,25.058895,23.662052
-2.330000,25.058319,23.661642
-2.326667,25.048832,23.652817
-2.323333,25.030439,23.635582
-2.320000,25.003149,23.609945
-2.316667,24.966967,23.575914
-2.313333,24.921909,23.533499
-2.310000,24.867990,23.482718
-2.306667,24.805229,23.423588
-2.303333,24.733650,23.356129
-2.300000,24.653276,23.280367
-2.296667,24.564137,23.196325
-2.293333,24.466263,23.104038
-2.290000,24.359692,23.003536
-2.286667,24.244459,22.894855
-2.283333,24.120605,22.778034
-2.280000,23.988176,22.653116
-2.276667,23.847219,22.520142
-2.273333,23.697783,22.379162
-2.270000,23.539921,22.230225
-2.266667,23.373690,22.073383
-2.263333,23.199148,21.908693
-2.260000,23.016357,21.736214
-2.256667,22.825384,21.556007
-2.253333,22.626295,21.368135
-2.250000,22.419161,21.172668
-2.246667,22.204056,20.969671
-2.243333,21.981056,20.759218
-2.240000,21.750242,20.541386
-2.236667,21.511694,20.316250
-2.233333,21.265499,20.083891
-2.230000,21.011742,19.844391
-2.226667,20.750515,19.597834
-2.223333,20.481909,19.344311
-2.220000,20.206020,19.083908
-2.216667,19.922949,18.816723
-2.213333,19.632793,18.542845
-2.210000,19.335659,18.262375
-2.206667,19.031649,17.975412
-2.203333,18.720871,17.682058
-2.200000,18.403439,17.382418
-2.196667,18.079462,17.076597
-2.193333,17.749058,16.764704
-2.190000,17.412344,16.446852
-2.186667,17.069437,16.123150
-2.183333,16.720463,15.793717
-2.180000,16.365543,15.458669
-2.176667,16.004805,15.118124
-2.173333,15.638376,14.772204
-2.170000,15.266388,14.421032
-2.166667,14.888970,14.064733
-2.163333,14.506260,13.703432
-2.160000,14.118392,13.337260
-2.156667,13.725505,12.966346
-2.153333,13.327737,12.590821
-2.150000,12.925230,12.210820
-2.146667,12.518128,11.826478
-2.143333,12.106576,11.437931
-2.140000,11.690719,11.045317
-2.136667,11.270705,10.648775
-2.133333,10.846684,10.248448
-2.130000,10.418806,9.844477
-2.126667,9.987225,9.437006
-2.123333,9.552092,9.026179
-2.120000,9.113564,8.612144
-2.116667,8.671794,8.195045
-2.113333,8.226942,7.775034
-2.110000,7.779164,7.352259
-2.106667,7.328621,6.926869
-2.103333,6.875472,6.499016
-2.100000,6.419878,6.068853
-2.096667,5.962002,5.636531
-2.093333,5.502007,5.202207
-2.090000,5.040055,4.766032
-2.086667,4.576311,4.328162
-2.083333,4.110940,3.888754
-2.080000,3.644107,3.447963
-2.076667,3.175979,3.005947
-2.073333,2.706721,2.562861
-2.070000,2.236501,2.118865
-2.066667,1.765486,1.674114
-2.063333,1.293844,1.228769
-2.060000,0.821741,0.782987
-2.056667,0.349346,0.336927
-2.053333,-0.123173,-0.109254
-2.050000,-0.595649,-0.555395
-2.046667,-1.067912,-1.001339
-2.043333,-1.539796,-1.446927
-2.040000,-2.011133,-1.892001
-2.036667,-2.481754,-2.336401
-2.033333,-2.951493,-2.779972
-2.030000,-3.420183,-3.222553
-2.026667,-3.887656,-3.663990
-2.023333,-4.353747,-4.104123
-2.020000,-4.818291,-4.542797
-2.016667,-5.281121,-4.979856
-2.013333,-5.742074,-5.415144
-2.010000,-6.200985,-5.848507
-2.006667,-6.657691,-6.279790
-2.003333,-7.112031,-6.708841
-2.000000,-7.563841,-7.135507
-1.996667,-8.012962,-7.559636
-1.993333,-8.459234,-7.981076
-1.990000,-8.902499,-8.399679
-1.986667,-9.342599,-8.815296
-1.983333,-9.779376,-9.227778
-1.980000,-10.212677,-9.636980
-1.976667,-10.642346,-10.042755
-1.973333,-11.068233,-10.444960
-1.970000,-11.490183,-10.843451
-1.966667,-11.908048,-11.238086
-1.963333,-12.321679,-11.628726
-1.960000,-12.730930,-12.015231
-1.956667,-13.135654,-12.397465
-1.953333,-13.535707,-12.775290
-1.950000,-13.930949,-13.148574
-1.946667,-14.321238,-13.517182
-1.943333,-14.706433,-13.880984
-1.940000,-15.086401,-14.239852
-1.936667,-15.461004,-14.593656
-1.933333,-15.830112,-14.942271
-1.930000,-16.193590,-15.285574
-1.926667,-16.551310,-15.623443
-1.923333,-16.903147,-15.955756
-1.920000,-17.248972,-16.282396
-1.916667,-17.588665,-16.603247
-1.913333,-17.922106,-16.918196
-1.910000,-18.249172,-17.227129
-1.906667,-18.569752,-17.529936
-1.903333,-18.883728,-17.826511
-1.900000,-19.190992,-18.116749
-1.896667,-19.491430,-18.400543
-1.893333,-19.784941,-18.677797
-1.890000,-20.071415,-18.948410
-1.886667,-20.350754,-19.212286
-1.883333,-20.622858,-19.469330
-1.880000,-20.887629,-19.719454
-1.876667,-21.144972,-19.962564
-1.873333,-21.394798,-20.198578
-1.870000,-21.637018,-20.427410
-1.866667,-21.871544,-20.648981
-1.863333,-22.098295,-20.863209
-1.860000,-22.317188,-21.070019
-1.856667,-22.528147,-21.269337
-1.853333,-22.731096,-21.461094
-1.850000,-22.925962,-21.645220
-1.846667,-23.112679,-21.821650
-1.843333,-23.291176,-21.990322
-1.840000,-23.461393,-22.151175
-1.836667,-23.623268,-22.304152
-1.833333,-23.776745,-22.449200
-1.830000,-23.921766,-22.586266
-1.826667,-24.058285,-22.715300
-1.823333,-24.186249,-22.836258
-1.820000,-24.305613,-22.949099
-1.816667,-24.416334,-23.053778
-1.813333,-24.518375,-23.150261
-1.810000,-24.611700,-23.238514
-1.806667,-24.696274,-23.318504
-1.803333,-24.772066,-23.390203
-1.800000,-24.839050,-23.453587
-1.796667,-24.897205,-23.508631
-1.793333,-24.946507,-23.555317
-1.790000,-24.986938,-23.593628
-1.786667,-25.018486,-23.623550
-1.783333,-25.041140,-23.645073
-1.780000,-25.054890,-23.658190
-1.776667,-25.059731,-23.662893
-1.773333,-25.055662,-23.659185
-1.770000,-25.042685,-23.647064
-1.766667,-25.020805,-23.626537
-1.763333,-24.990028,-23.597609
-1.760000,-24.950367,-23.560289
-1.756667,-24.901834,-23.514595
-1.753333,-24.844448,-23.460539
-1.750000,-24.778227,-23.398142
-1.746667,-24.703197,-23.327427
-1.743333,-24.619385,-23.248417
-1.740000,-24.526819,-23.161140
-1.736667,-24.425533,-23.065630
-1.733333,-24.315563,-22.961918
-1.730000,-24.196947,-22.850042
-1.726667,-24.069727,-22.730043
-1.723333,-23.933950,-22.601961
-1.720000,-23.789665,-22.465845
-1.716667,-23.636919,-22.321739
-1.713333,-23.475771,-22.169699
-1.710000,-23.306274,-22.009775
-1.706667,-23.128494,-21.842026
-1.703333,-22.942488,-21.666510
-1.700000,-22.748325,-21.483292
-1.696667,-22.546076,-21.292435
-1.693333,-22.335810,-21.094007
-1.690000,-22.117601,-20.888081
-1.686667,-21.891529,-20.674728
-1.683333,-21.657675,-20.454023
-1.680000,-21.416121,-20.226048
-1.676667,-21.166950,-19.990879
-1.673333,-20.910254,-19.748604
-1.670000,-20.646124,-19.499306
-1.666667,-20.374653,-19.243076
-1.663333,-20.095940,-18.980005
-1.660000,-19.810080,-18.710184
-1.656667,-19.517176,-18.433712
-1.653333,-19.217333,-18.150686
-1.650000,-18.910658,-17.861206
-1.646667,-18.597260,-17.565376
-1.643333,-18.277248,-17.263300
-1.640000,-17.950741,-16.955088
-1.636667,-17.617849,-16.640844
-1.633333,-17.278692,-16.320686
-1.630000,-16.933393,-15.994726
-1.626667,-16.582075,-15.663078
-1.623333,-16.224859,-15.325861
-1.620000,-15.861876,-14.983195
-1.616667,-15.493253,-14.635202
-1.613333,-15.119122,-14.282006
-1.610000,-14.739614,-13.923732
-1.606667,-14.354866,-13.560507
-1.603333,-13.965014,-13.192460
-1.600000,-13.570197,-12.819724
-1.596667,-13.170555,-12.442429
-1.593333,-12.766231,-12.060710
-1.590000,-12.357368,-11.674704
-1.586667,-11.944110,-11.284546
-1.583333,-11.526607,-10.890376
-1.580000,-11.105004,-10.492334
-1.576667,-10.679454,-10.090562
-1.573333,-10.250107,-9.685203
-1.570000,-9.817115,-9.276399
-1.566667,-9.380633,-8.864297
-1.563333,-8.940816,-8.449044
-1.560000,-8.497820,-8.030787
-1.556667,-8.051802,-7.609674
-1.553333,-7.602921,-7.185856
-1.550000,-7.151338,-6.759483
-1.546667,-6.697212,-6.330706
-1.543333,-6.240705,-5.899679
-1.540000,-5.781978,-5.466554
-1.536667,-5.321197,-5.031486
-1.533333,-4.858522,-4.594628
-1.530000,-4.394121,-4.156137
-1.526667,-3.928158,-3.716169
-1.523333,-3.460798,-3.274879
-1.520000,-2.992207,-2.832425
-1.516667,-2.522552,-2.388963
-1.513333,-2.052001,-1.944652
-1.510000,-1.580720,-1.499650
-1.506667,-1.108877,-1.054115
-1.503333,-0.636639,-0.608205
-1.500000,-0.164176,-0.162079
-1.496667,0.308346,0.284105
-1.493333,0.780759,0.730188
-1.490000,1.252893,1.176012
-1.486667,1.724583,1.621417
-1.483333,2.195659,2.066246
-1.480000,2.665954,2.510340
-1.476667,3.135302,2.953542
-1.473333,3.603535,3.395693
-1.470000,4.070487,3.836637
-1.466667,4.535991,4.276217
-1.463333,4.999883,4.714277
-1.460000,5.461997,5.150660
-1.456667,5.922169,5.585213
-1.453333,6.380235,6.017779
-1.450000,6.836033,6.448206
-1.446667,7.289401,6.876340
-1.443333,7.740176,7.302029
-1.440000,8.188200,7.725122
-1.436667,8.633312,8.145469
-1.433333,9.075356,8.562920
-1.430000,9.514172,8.977325
-1.426667,9.949605,9.388539
-1.423333,10.381501,9.796415
-1.420000,10.809706,10.200809
-1.416667,11.234068,10.601575
-1.413333,11.654435,10.998571
-1.410000,12.070659,11.391658
-1.406667,12.482591,11.780694
-1.403333,12.890084,12.165542
-1.400000,13.292995,12.546063
-1.396667,13.691180,12.922125
-1.393333,14.084496,13.293591
-1.390000,14.472806,13.660333
-1.386667,14.855969,14.022216
-1.383333,15.233850,14.379114
-1.380000,15.606316,14.730900
-1.376667,15.973232,15.077448
-1.373333,16.334469,15.418635
-1.370000,16.689899,15.754341
-1.366667,17.039394,16.084446
-1.363333,17.382832,16.408831
-1.360000,17.720089,16.727383
-1.356667,18.051044,17.039986
-1.353333,18.375584,17.346531
-1.350000,18.693588,17.646910
-1.346667,19.004948,17.941013
-1.343333,19.309549,18.228739
-1.340000,19.607286,18.509981
-1.336667,19.898050,18.784645
-1.333333,20.181742,19.052628
-1.330000,20.458256,19.313839
-1.326667,20.727497,19.568180
-1.323333,20.989368,19.815567
-1.320000,21.243778,20.055906
-1.316667,21.490633,20.289116
-1.313333,21.729849,20.515112
-1.310000,21.961336,20.733812
-1.306667,22.185019,20.945143
-1.303333,22.400810,21.149025
-1.300000,22.608639,21.345388
-1.296667,22.808430,21.534164
-1.293333,23.000109,21.715281
-1.290000,23.183613,21.888678
-1.286667,23.358873,22.054293
-1.283333,23.525827,22.212067
-1.280000,23.684418,22.361942
-1.276667,23.834587,22.503868
-1.273333,23.976282,22.637793
-1.270000,24.109453,22.763668
-1.266667,24.234053,22.881449
-1.263333,24.350035,22.991096
-1.260000,24.457359,23.092567
-1.256667,24.555988,23.185829
-1.253333,24.645887,23.270847
-1.250000,24.727024,23.347591
-1.246667,24.799368,23.416035
-1.243333,24.862894,23.476152
-1.240000,24.917582,23.527924
-1.236667,24.963409,23.571329
-1.233333,25.000360,23.606354
-1.230000,25.028425,23.632986
-1.226667,25.047588,23.651215
-1.223333,25.057848,23.661036
-1.220000,25.059198,23.662443
-1.216667,25.051638,23.655437
-1.213333,25.035172,23.640022
-1.210000,25.009804,23.616199
-1.206667,24.975544,23.583982
-1.203333,24.932404,23.543379
-1.200000,24.880398,23.494406
-1.196667,24.819548,23.437078
-1.193333,24.749872,23.371420
-1.190000,24.671398,23.297449
-1.186667,24.584150,23.215197
-1.183333,24.488163,23.124691
-1.180000,24.383471,23.025961
-1.176667,24.270105,22.919046
-1.173333,24.148113,22.803982
-1.170000,24.017536,22.680809
-1.166667,23.878418,22.549574
-1.163333,23.730810,22.410320
-1.160000,23.574766,22.263098
-1.156667,23.410339,22.107962
-1.153333,23.237589,21.944965
-1.150000,23.056576,21.774164
-1.146667,22.867367,21.595623
-1.143333,22.670027,21.409403
-1.140000,22.464626,21.215572
-1.136667,22.251238,21.014198
-1.133333,22.029940,20.805351
-1.130000,21.800808,20.589108
-1.126667,21.563925,20.365543
-1.123333,21.319374,20.134739
-1.120000,21.067245,19.896776
-1.116667,20.807625,19.651737
-1.113333,20.540607,19.399714
-1.110000,20.266287,19.140791
-1.106667,19.984758,18.875063
-1.103333,19.696127,18.602625
-1.100000,19.400492,18.323572
-1.096667,19.097960,18.038004
-1.093333,18.788635,17.746023
-1.090000,18.472633,17.447733
-1.086667,18.150061,17.143240
-1.083333,17.821037,16.832651
-1.080000,17.485676,16.516077
-1.076667,17.144100,16.193630
-1.073333,16.796427,15.865428
-1.070000,16.442781,15.531583
-1.066667,16.083290,15.192217
-1.063333,15.718081,14.847448
-1.060000,15.347283,14.497401
-1.056667,14.971029,14.142200
-1.053333,14.589452,13.781970
-1.050000,14.202687,13.416841
-1.046667,13.810873,13.046941
-1.043333,13.414148,12.672401
-1.040000,13.012654,12.293357
-1.036667,12.606534,11.909942
-1.033333,12.195931,11.522292
-1.030000,11.780993,11.130546
-1.026667,11.361865,10.734841
-1.023333,10.938698,10.335320
-1.020000,10.511642,9.932125
-1.016667,10.080848,9.525398
-1.013333,9.646470,9.115285
-1.010000,9.208662,8.701931
-1.006667,8.767580,8.285482
-1.003333,8.323381,7.866089
-1.000000,7.876223,7.443898
-0.996667,7.426264,7.019061
-0.993333,6.973665,6.591728
-0.990000,6.518586,6.162051
-0.986667,6.061190,5.730183
-0.983333,5.601638,5.296278
-0.980000,5.140096,4.860490
-0.976667,4.676725,4.422974
-0.973333,4.211692,3.983886
-0.970000,3.745161,3.543380
-0.966667,3.277299,3.101615
-0.963333,2.808271,2.658748
-0.960000,2.338246,2.214935
-0.956667,1.867388,1.770334
-0.953333,1.395867,1.325104
-0.950000,0.923849,0.879403
-0.946667,0.451503,0.433389
-0.943333,-0.021003,-0.012778
-0.940000,-0.493502,-0.458942
-0.936667,-0.965826,-0.904942
-0.933333,-1.437806,-1.350620
-0.930000,-1.909275,-1.795818
-0.926667,-2.380065,-2.240378
-0.923333,-2.850009,-2.684141
-0.920000,-3.318940,-3.126950
-0.916667,-3.786690,-3.568647
-0.913333,-4.253095,-4.009075
-0.910000,-4.717987,-4.448078
-0.906667,-5.181201,-4.885499
-0.903333,-5.642574,-5.321184
-0.900000,-6.101940,-5.754976
-0.896667,-6.559137,-6.186722
-0.893333,-7.014002,-6.616269
-0.890000,-7.466372,-7.043463
-0.886667,-7.916089,-7.468153
-0.883333,-8.362990,-7.890188
-0.880000,-8.806919,-8.309417
-0.876667,-9.247716,-8.725692
-0.873333,-9.685225,-9.138865
-0.870000,-10.119291,-9.548788
-0.866667,-10.549759,-9.955316
-0.863333,-10.976476,-10.358305
-0.860000,-11.399290,-10.757610
-0.856667,-11.818050,-11.153091
-0.853333,-12.232610,-11.544607
-0.850000,-12.642820,-11.932018
-0.846667,-13.048535,-12.315187
-0.843333,-13.449611,-12.693977
-0.840000,-13.845904,-13.068254
-0.836667,-14.237276,-13.437884
-0.833333,-14.623585,-13.802737
-0.830000,-15.004694,-14.162682
-0.826667,-15.380469,-14.517591
-0.823333,-15.750775,-14.867340
-0.820000,-16.115482,-15.211802
-0.816667,-16.474459,-15.550855
-0.813333,-16.827578,-15.884379
-0.810000,-17.174713,-16.212257
-0.806667,-17.515743,-16.534369
-0.803333,-17.850544,-16.850603
-0.800000,-18.178999,-17.160847
-0.796667,-18.500992,-17.464987
-0.793333,-18.816406,-17.762918
-0.790000,-19.125130,-18.054535
-0.786667,-19.427053,-18.339733
-0.783333,-19.722071,-18.618408
-0.780000,-20.010075,-18.890467
-0.776667,-20.290966,-19.155806
-0.773333,-20.564642,-19.414335
-0.770000,-20.831005,-19.665962
-0.766667,-21.089964,-19.910597
-0.763333,-21.341423,-20.148153
-0.760000,-21.585295,-20.378546
-0.756667,-21.821491,-20.601692
-0.753333,-22.049931,-20.817514
-0.750000,-22.270529,-21.025934
-0.746667,-22.483210,-21.226879
-0.743333,-22.687897,-21.420277
-0.740000,-22.884516,-21.606058
-0.736667,-23.073000,-21.784157
-0.733333,-23.253281,-21.954512
-0.730000,-23.425293,-22.117060
-0.726667,-23.588978,-22.271746
-0.723333,-23.744274,-22.418512
-0.720000,-23.891129,-22.557308
-0.716667,-24.029490,-22.688084
-0.713333,-24.159307,-22.810791
-0.710000,-24.280535,-22.925390
-0.706667,-24.393127,-23.031837
-0.703333,-24.497049,-23.130096
-0.700000,-24.592262,-23.220131
-0.696667,-24.678730,-23.301910
-0.693333,-24.756424,-23.375404
-0.690000,-24.825315,-23.440588
-0.686667,-24.885380,-23.497437
-0.683333,-24.936598,-23.545931
-0.680000,-24.978949,-23.586054
-0.676667,-25.012419,-23.617792
-0.673333,-25.036995,-23.641132
-0.670000,-25.052671,-23.656067
-0.666667,-25.059439,-23.662590
-0.663333,-25.057297,-23.660700
-0.660000,-25.046246,-23.650398
-0.656667,-25.026289,-23.631687
-0.653333,-24.997437,-23.604574
-0.650000,-24.959694,-23.569069
-0.646667,-24.913078,-23.525185
-0.643333,-24.857605,-23.472935
-0.640000,-24.793293,-23.412340
-0.636667,-24.720167,-23.343420
-0.633333,-24.638250,-23.266201
-0.630000,-24.547575,-23.180710
-0.626667,-24.448172,-23.086977
-0.623333,-24.340075,-22.985035
-0.620000,-24.223324,-22.874922
-0.616667,-24.097961,-22.756676
-0.613333,-23.964031,-22.630339
-0.610000,-23.821581,-22.495955
-0.606667,-23.670660,-22.353573
-0.603333,-23.511324,-22.203243
-0.600000,-23.343628,-22.045019
-0.596667,-23.167633,-21.878956
-0.593333,-22.983400,-21.705114
-0.590000,-22.790997,-21.523558
-0.586667,-22.590488,-21.334347
-0.583333,-22.381948,-21.137550
-0.580000,-22.165451,-20.933239
-0.576667,-21.941074,-20.721485
-0.573333,-21.708895,-20.502363
-0.570000,-21.468996,-20.275951
-0.566667,-21.221466,-20.042332
-0.563333,-20.966391,-19.801586
-0.560000,-20.703859,-19.553801
-0.556667,-20.433968,-19.299061
-0.553333,-20.156811,-19.037460
-0.550000,-19.872488,-18.769093
-0.546667,-19.581099,-18.494049
-0.543333,-19.282747,-18.212433
-0.540000,-18.977541,-17.924339
-0.536667,-18.665586,-17.629873
-0.533333,-18.346996,-17.329140
-0.530000,-18.021883,-17.022243
-0.526667,-17.690361,-16.709295
-0.523333,-17.352551,-16.390408
-0.520000,-17.008570,-16.065691
-0.516667,-16.658541,-15.735263
-0.513333,-16.302589,-15.399240
-0.510000,-15.940843,-15.057742
-0.506667,-15.573428,-14.710891
-0.503333,-15.200476,-14.358809
-0.500000,-14.822120,-14.001621
-0.496667,-14.438494,-13.639457
-0.493333,-14.049733,-13.272442
-0.490000,-13.655978,-12.900708
-0.486667,-13.257368,-12.524387
-0.483333,-12.854044,-12.143614
-0.480000,-12.446149,-11.758523
-0.476667,-12.033830,-11.369251
-0.473333,-11.617231,-10.975937
-0.470000,-11.196503,-10.578720
-0.466667,-10.771793,-10.177742
-0.463333,-10.343255,-9.773146
-0.460000,-9.911037,-9.365075
-0.456667,-9.475297,-8.953674
-0.453333,-9.036188,-8.539090
-0.450000,-8.593865,-8.121469
-0.446667,-8.148488,-7.700962
-0.443333,-7.700213,-7.277716
-0.440000,-7.249200,-6.851882
-0.436667,-6.795610,-6.423613
-0.433333,-6.339604,-5.993059
-0.430000,-5.881344,-5.560375
-0.426667,-5.420993,-5.125713
-0.423333,-4.958714,-4.689229
-0.420000,-4.494672,-4.251079
-0.416667,-4.029033,-3.811416
-0.413333,-3.561960,-3.370399
-0.410000,-3.093621,-2.928183
-0.406667,-2.624183,-2.484926
-0.403333,-2.153811,-2.040786
-0.400000,-1.682674,-1.595919
-0.396667,-1.210938,-1.150486
-0.393333,-0.738772,-0.704643
-0.390000,-0.266343,-0.258550
-0.386667,0.206181,0.187635
-0.383333,0.678631,0.633753
-0.380000,1.150840,1.079646
-0.376667,1.622640,1.525155
-0.373333,2.093863,1.970122
-0.370000,2.564342,2.414388
-0.366667,3.033908,2.857796
-0.363333,3.502396,3.300188
-0.360000,3.969639,3.741406
-0.356667,4.435471,4.181294
-0.353333,4.899725,4.619696
-0.350000,5.362237,5.056455
-0.346667,5.822843,5.491416
-0.343333,6.281378,5.924425
-0.340000,6.737681,6.355328
-0.336667,7.191587,6.783971
-0.333333,7.642937,7.210201
-0.330000,8.091569,7.633869
-0.326667,8.537325,8.054822
-0.323333,8.980044,8.472911
-0.320000,9.419572,8.887988
-0.316667,9.855750,9.299905
-0.313333,10.288424,9.708514
-0.310000,10.717440,10.113673
-0.306667,11.142646,10.515235
-0.303333,11.563890,10.913059
-0.300000,11.981021,11.307003
-0.296667,12.393894,11.696926
-0.293333,12.802360,12.082691
-0.290000,13.206274,12.464160
-0.286667,13.605493,12.841197
-0.283333,13.999873,13.213669
-0.280000,14.389277,13.581443
-0.276667,14.773564,13.944387
-0.273333,15.152599,14.302375
-0.270000,15.526247,14.655276
-0.266667,15.894375,15.002968
-0.263333,16.256851,15.345325
-0.260000,16.613546,15.682225
-0.256667,16.964336,16.013550
-0.253333,17.309093,16.339182
-0.250000,17.647697,16.659004
-0.246667,17.980026,16.972904
-0.243333,18.305962,17.280769
-0.240000,18.625389,17.582489
-0.236667,18.938194,17.877958
-0.233333,19.244267,18.167072
-0.230000,19.543497,18.449726
-0.226667,19.835777,18.725819
-0.223333,20.121006,18.995256
-0.220000,20.399080,19.257938
-0.216667,20.669903,19.513773
-0.213333,20.933376,19.762671
-0.210000,21.189405,20.004541
-0.206667,21.437902,20.239300
-0.203333,21.678778,20.466862
-0.200000,21.911943,20.687147
-0.196667,22.137320,20.900078
-0.193333,22.354824,21.105577
-0.190000,22.564381,21.303572
-0.186667,22.765915,21.493994
-0.183333,22.959354,21.676771
-0.180000,23.144632,21.851845
-0.176667,23.321680,22.019146
-0.173333,23.490435,22.178619
-0.170000,23.650839,22.330208
-0.166667,23.802834,22.473856
-0.163333,23.946365,22.609516
-0.160000,24.081385,22.737135
-0.156667,24.207840,22.856670
-0.153333,24.325689,22.968079
-0.150000,24.434889,23.071321
-0.146667,24.535402,23.166363
-0.143333,24.627192,23.253164
-0.140000,24.710224,23.331701
-0.136667,24.784472,23.401941
-0.133333,24.849907,23.463861
-0.130000,24.906507,23.517439
-0.126667,24.954252,23.562654
-0.123333,24.993124,23.599491
-0.120000,25.023109,23.627939
-0.116667,25.044199,23.647985
-0.113333,25.056385,23.659624
-0.110000,25.059662,23.662851
-0.106667,25.054028,23.657665
-0.103333,25.039486,23.644068
-0.100000,25.016043,23.622063
-0.096667,24.983704,23.591660
-0.093333,24.942482,23.552868
-0.090000,24.892393,23.505703
-0.086667,24.833454,23.450182
-0.083333,24.765684,23.386322
-0.080000,24.689110,23.314146
-0.076667,24.603758,23.233683
-0.073333,24.509657,23.144957
-0.070000,24.406843,23.048004
-0.066667,24.295351,22.942856
-0.063333,24.175220,22.829550
-0.060000,24.046494,22.708126
-0.056667,23.909220,22.578630
-0.053333,23.763443,22.441107
-0.050000,23.609217,22.295603
-0.046667,23.446598,22.142174
-0.043333,23.275642,21.980871
-0.040000,23.096411,21.811752
-0.036667,22.908968,21.634880
-0.033333,22.713381,21.450315
-0.030000,22.509716,21.258123
-0.026667,22.298050,21.058374
-0.023333,22.078455,20.851137
-0.020000,21.851009,20.636486
-0.016667,21.615797,20.414499
-0.013333,21.372896,20.185253
-0.010000,21.122398,19.948832
-0.006667,20.864391,19.705315
-0.003333,20.598965,19.454794
0.000000,20.327118,19.198208
0.003333,20.057968,18.944172
0.006667,19.792385,18.693502
0.010000,19.530321,18.446157
0.013333,19.271730,18.202091
0.016667,19.016563,17.961260
0.020000,18.764778,17.723623
0.023333,18.516331,17.489136
0.026667,18.271173,17.257759
0.030000,18.029264,17.029451
0.033333,17.790560,16.804169
0.036667,17.555019,16.581875
0.040000,17.322599,16.362530
0.043333,17.093260,16.146091
0.046667,16.866957,15.932525
0.050000,16.643654,15.721790
0.053333,16.423311,15.513851
0.056667,16.205887,15.308670
0.060000,15.991343,15.106211
0.063333,15.779643,14.906437
0.066667,15.570748,14.709313
0.070000,15.364622,14.514804
0.073333,15.161226,14.322876
0.076667,14.960526,14.133493
0.080000,14.762486,13.946625
0.083333,14.567071,13.762235
0.086667,14.374246,13.580291
0.090000,14.183975,13.400762
0.093333,13.996226,13.223616
0.096667,13.810966,13.048820
0.100000,13.628160,12.876344
0.103333,13.447778,12.706157
0.106667,13.269787,12.538229
0.110000,13.094154,12.372531
0.113333,12.920849,12.209031
0.116667,12.749842,12.047703
0.120000,12.581100,11.888515
0.123333,12.414597,11.731442
0.126667,12.250299,11.576455
0.130000,12.088181,11.423526
0.133333,11.928210,11.272627
0.136667,11.770360,11.123732
0.140000,11.614603,10.976815
0.143333,11.460911,10.831849
0.146667,11.309257,10.688809
0.150000,11.159612,10.547669
0.153333,11.011952,10.408405
0.156667,10.866249,10.270991
0.160000,10.722479,10.135403
0.163333,10.580614,10.001616
0.166667,10.440631,9.869609
0.170000,10.302504,9.739355
0.173333,10.166208,9.610833
0.176667,10.031720,9.484020
0.180000,9.899014,9.358892
0.183333,9.768070,9.235429
0.186667,9.638862,9.113607
0.190000,9.511367,8.993406
0.193333,9.385563,8.874804
0.196667,9.261427,8.757778
0.200000,9.138938,8.642311
0.203333,9.018074,8.528379
0.206667,8.898813,8.415964
0.210000,8.781135,8.305045
0.213333,8.665017,8.195602
0.216667,8.550440,8.087617
0.220000,8.437382,7.981069
0.223333,8.325825,7.875940
0.226667,8.215748,7.772212
0.230000,8.107132,7.669865
0.233333,7.999957,7.568882
0.236667,7.894204,7.469244
0.240000,7.789854,7.370934
0.243333,7.686890,7.273934
0.246667,7.585291,7.178228
0.250000,7.485042,7.083798
0.253333,7.386123,6.990627
0.256667,7.288517,6.898699
0.260000,7.192208,6.807998
0.263333,7.097177,6.718506
0.266667,7.003407,6.630209
0.270000,6.910882,6.543092
0.273333,6.819587,6.457137
0.276667,6.729503,6.372330
0.280000,6.640616,6.288656
0.283333,6.552909,6.206100
0.286667,6.466368,6.124647
0.290000,6.380976,6.044283
0.293333,6.296719,5.964994
0.296667,6.213581,5.886765
0.300000,6.131547,5.809583
0.303333,6.050604,5.733433
0.306667,5.970736,5.658303
0.310000,5.891930,5.584179
0.313333,5.814171,5.511047
0.316667,5.737446,5.438896
0.320000,5.661741,5.367711
0.323333,5.587042,5.297481
0.326667,5.513337,5.228192
0.330000,5.440612,5.159832
0.333333,5.368854,5.092391
0.336667,5.298050,5.025854
0.340000,5.228189,4.960211
0.343333,5.159257,4.895450
0.346667,5.091242,4.831559
0.350000,5.024132,4.768527
0.353333,4.957916,4.706343
0.356667,4.892581,4.644995
0.360000,4.828115,4.584473
0.363333,4.764509,4.524766
0.366667,4.701749,4.465864
0.370000,4.639824,4.407756
0.373333,4.578725,4.350431
0.376667,4.518440,4.293880
0.380000,4.458959,4.238091
0.383333,4.400269,4.183057
0.386667,4.342362,4.128766
0.390000,4.285227,4.075209
0.393333,4.228855,4.022377
0.396667,4.173233,3.970260
0.400000,4.118354,3.918848
0.403333,4.064207,3.868134
0.406667,4.010782,3.818107
0.410000,3.958071,3.768758
0.413333,3.906063,3.720080
0.416667,3.854749,3.672063
0.420000,3.804121,3.624699
0.423333,3.754169,3.577979
0.426667,3.704885,3.531896
0.430000,3.656259,3.486440
0.433333,3.608283,3.441604
0.436667,3.560948,3.397380
0.440000,3.514247,3.353760
0.443333,3.468171,3.310736
0.446667,3.422711,3.268301
0.450000,3.377859,3.226447
0.453333,3.333608,3.185167
0.456667,3.289950,3.144452
0.460000,3.246877,3.104297
0.463333,3.204381,3.064693
0.466667,3.162454,3.025635
0.470000,3.121090,2.987114
0.473333,3.080281,2.949125
0.476667,3.040019,2.911659
0.480000,3.000297,2.874712
0.483333,2.961109,2.838275
0.486667,2.922448,2.802343
0.490000,2.884306,2.766909
0.493333,2.846677,2.731967
0.496667,2.809554,2.697511
0.500000,2.772930,2.663534
0.503333,2.736799,2.630031
0.506667,2.701155,2.596996
0.510000,2.665992,2.564422
0.513333,2.631302,2.532304
0.516667,2.597080,2.500636
0.520000,2.563319,2.469413
0.523333,2.530015,2.438629
0.526667,2.497159,2.408278
0.530000,2.464749,2.378356
0.533333,2.432776,2.348856
0.536667,2.401236,2.319774
0.540000,2.370122,2.291104
0.543333,2.339430,2.262842
0.546667,2.309154,2.234982
0.550000,2.279288,2.207519
0.553333,2.249828,2.180449
0.556667,2.220767,2.153766
0.560000,2.192102,2.127466
0.563333,2.163826,2.101545
0.566667,2.135935,2.075997
0.570000,2.108423,2.050818
0.573333,2.081287,2.026004
0.576667,2.054520,2.001549
0.580000,2.028119,1.977451
0.583333,2.002078,1.953704
0.586667,1.976393,1.930305
0.590000,1.951060,1.907249
0.593333,1.926073,1.884532
0.596667,1.901429,1.862150
0.600000,1.877122,1.840099
0.603333,1.853150,1.818375
0.606667,1.829507,1.796974
0.610000,1.806189,1.775893
0.613333,1.783192,1.755128
0.616667,1.760513,1.734674
0.620000,1.738146,1.714529
0.623333,1.716088,1.694689
0.626667,1.694336,1.675150
0.630000,1.672884,1.655909
0.633333,1.651731,1.636962
0.636667,1.630870,1.618306
0.640000,1.610300,1.599938
0.643333,1.590016,1.581855
0.646667,1.570014,1.564052
0.650000,1.550292,1.546528
0.653333,1.530845,1.529279
0.656667,1.511671,1.512301
0.660000,1.492765,1.495593
0.663333,1.474125,1.479150
0.666667,1.455746,1.462970
0.670000,1.437627,1.447051
0.673333,1.419763,1.431388
0.676667,1.402151,1.415980
0.680000,1.384789,1.400824
0.683333,1.367673,1.385917
0.686667,1.350800,1.371256
0.690000,1.334167,1.356839
0.693333,1.317772,1.342663
0.696667,1.301610,1.328726
0.700000,1.285680,1.315025
0.703333,1.269979,1.301558
0.706667,1.254503,1.288322
0.710000,1.239251,1.275316
0.713333,1.224218,1.262536
0.716667,1.209404,1.249980
0.720000,1.194804,1.237647
0.723333,1.180417,1.225534
0.726667,1.166240,1.213639
0.730000,1.152270,1.201959
0.733333,1.138505,1.190493
0.736667,1.124942,1.179239
0.740000,1.111579,1.168194
0.743333,1.098414,1.157357
0.746667,1.085444,1.146726
0.750000,1.072667,1.136299
0.753333,1.060081,1.126074
0.756667,1.047683,1.116049
0.760000,1.035472,1.106222
0.763333,1.023445,1.096592
0.766667,1.011599,1.087157
0.770000,0.999934,1.077915
0.773333,0.988446,1.068865
0.776667,0.977134,1.060005
0.780000,0.965995,1.051333
0.783333,0.955029,1.042848
0.786667,0.944232,1.034549
0.790000,0.933603,1.026433
0.793333,0.923140,1.018500
0.796667,0.912841,1.010749
0.800000,0.902704,1.003176
0.803333,0.892728,0.995782
0.806667,0.882911,0.988566
0.810000,0.873250,0.981524
0.813333,0.863745,0.974658
0.816667,0.854394,0.967965
0.820000,0.845194,0.961443
0.823333,0.836144,0.955093
0.826667,0.827244,0.948912
0.830000,0.818490,0.942901
0.833333,0.809881,0.937056
0.836667,0.801417,0.931379
0.840000,0.793095,0.925867
0.843333,0.784915,0.920519
0.846667,0.776873,0.915336
0.850000,0.768970,0.910315
0.853333,0.761204,0.905455
0.856667,0.753573,0.900757
0.860000,0.746075,0.896219
0.863333,0.738711,0.891840
0.866667,0.731478,0.887620
0.870000,0.724375,0.883558
0.873333,0.717400,0.879652
0.876667,0.710553,0.875903
0.880000,0.703833,0.872310
0.883333,0.697238,0.868872
0.886667,0.690766,0.865588
0.890000,0.684417,0.862459
0.893333,0.678191,0.859482
0.896667,0.672084,0.856658
0.900000,0.666097,0.853987
0.903333,0.660229,0.851467
0.906667,0.654478,0.849099
0.910000,0.648843,0.846882
0.913333,0.643324,0.844815
0.916667,0.637919,0.842899
0.920000,0.632627,0.841132
0.923333,0.627448,0.839515
0.926667,0.622380,0.838047
0.930000,0.617423,0.836729
0.933333,0.612576,0.835558
0.936667,0.607838,0.834537
0.940000,0.603208,0.833664
0.943333,0.598685,0.832939
0.946667,0.594268,0.832362
0.950000,0.589957,0.831933
0.953333,0.585751,0.831652
0.956667,0.581649,0.831519
0.960000,0.577651,0.831533
0.963333,0.573755,0.831696
0.966667,0.569961,0.832006
0.970000,0.566269,0.832465
0.973333,0.562677,0.833071
0.976667,0.559186,0.833825
0.980000,0.555793,0.834728
0.983333,0.552500,0.835779
0.986667,0.549304,0.836978
0.990000,0.546207,0.838327
0.993333,0.543206,0.839824
0.996667,0.540302,0.841471
1.000000,0.537494,0.843267
1.003333,0.534519,0.844801
1.006667,0.531354,0.846035
1.010000,0.528000,0.846967
1.013333,0.524459,0.847599
1.016667,0.520731,0.847929
1.020000,0.516817,0.847958
1.023333,0.512720,0.847685
1.026667,0.508441,0.847111
1.030000,0.503981,0.846236
1.033333,0.499341,0.845060
1.036667,0.494525,0.843583
1.040000,0.489532,0.841807
1.043333,0.484365,0.839731
1.046667,0.479026,0.837356
1.050000,0.473517,0.834684
1.053333,0.467839,0.831715
1.056667,0.461996,0.828451
1.060000,0.455987,0.824892
1.063333,0.449817,0.821039
1.066667,0.443487,0.816895
1.070000,0.436999,0.812460
1.073333,0.430355,0.807736
1.076667,0.423559,0.802725
1.080000,0.416612,0.797429
1.083333,0.409517,0.791849
1.086667,0.402277,0.785988
1.090000,0.394893,0.779847
1.093333,0.387369,0.773429
1.096667,0.379707,0.766736
1.100000,0.371910,0.759770
1.103333,0.363981,0.752535
1.106667,0.355923,0.745031
1.110000,0.347738,0.737263
1.113333,0.339429,0.729233
1.116667,0.331000,0.720943
1.120000,0.322453,0.712397
1.123333,0.313791,0.703598
1.126667,0.305018,0.694548
1.130000,0.296136,0.685252
1.133333,0.287149,0.675712
1.136667,0.278060,0.665932
1.140000,0.268872,0.655915
1.143333,0.259589,0.645664
1.146667,0.250213,0.635185
1.150000,0.240748,0.624479
1.153333,0.231198,0.613551
1.156667,0.221565,0.602405
1.160000,0.211854,0.591045
1.163333,0.202067,0.579475
1.166667,0.192209,0.567699
1.170000,0.182282,0.555721
1.173333,0.172291,0.543546
1.176667,0.162238,0.531177
1.180000,0.152127,0.518619
1.183333,0.141962,0.505877
1.186667,0.131747,0.492955
1.190000,0.121485,0.479858
1.193333,0.111180,0.466590
1.196667,0.100835,0.453156
1.200000,0.090455,0.439561
1.203333,0.080042,0.425810
1.206667,0.069601,0.411908
1.210000,0.059135,0.397859
1.213333,0.048648,0.383668
1.216667,0.038144,0.369342
1.220000,0.027626,0.354883
1.223333,0.017098,0.340299
1.226667,0.006565,0.325594
1.230000,-0.003972,0.310773
1.233333,-0.014506,0.295841
1.236667,-0.025036,0.280804
1.240000,-0.035556,0.265668
1.243333,-0.046064,0.250437
1.246667,-0.056556,0.235117
1.250000,-0.067027,0.219713
1.253333,-0.077475,0.204231
1.256667,-0.087895,0.188677
1.260000,-0.098284,0.173055
1.263333,-0.108638,0.157372
1.266667,-0.118953,0.141633
1.270000,-0.129226,0.125844
1.273333,-0.139453,0.110010
1.276667,-0.149630,0.094136
1.280000,-0.159754,0.078230
1.283333,-0.169822,0.062295
1.286667,-0.179829,0.046339
1.290000,-0.189772,0.030365
1.293333,-0.199648,0.014382
1.296667,-0.209452,-0.001607
1.300000,-0.219183,-0.017596
1.303333,-0.228835,-0.033578
1.306667,-0.238406,-0.049548
1.310000,-0.247892,-0.065501
1.313333,-0.257290,-0.081430
1.316667,-0.266596,-0.097331
1.320000,-0.275808,-0.113197
1.323333,-0.284922,-0.129022
1.326667,-0.293934,-0.144802
1.330000,-0.302842,-0.160530
1.333333,-0.311642,-0.176201
1.336667,-0.320332,-0.191810
1.340000,-0.328907,-0.207350
1.343333,-0.337366,-0.222816
1.346667,-0.345704,-0.238204
1.350000,-0.353920,-0.253506
1.353333,-0.362010,-0.268719
1.356667,-0.369971,-0.283836
1.360000,-0.377801,-0.298852
1.363333,-0.385496,-0.313762
1.366667,-0.393054,-0.328560
1.370000,-0.400472,-0.343241
1.373333,-0.407749,-0.357801
1.376667,-0.414880,-0.372233
1.380000,-0.421863,-0.386533
1.383333,-0.428697,-0.400695
1.386667,-0.435378,-0.414715
1.390000,-0.441904,-0.428588
1.393333,-0.448274,-0.442308
1.396667,-0.454484,-0.455870
1.400000,-0.460532,-0.469271
1.403333,-0.466417,-0.482505
1.406667,-0.472135,-0.495567
1.410000,-0.477686,-0.508454
1.413333,-0.483067,-0.521159
1.416667,-0.488276,-0.533679
1.420000,-0.493312,-0.546009
1.423333,-0.498172,-0.558146
1.426667,-0.502856,-0.570083
1.430000,-0.507360,-0.581818
1.433333,-0.511684,-0.593347
1.436667,-0.515826,-0.604664
1.440000,-0.519785,-0.615766
1.443333,-0.523558,-0.626649
1.446667,-0.527146,-0.637310
1.450000,-0.530546,-0.647744
1.453333,-0.533758,-0.657948
1.456667,-0.536780,-0.667917
1.460000,-0.539611,-0.677649
1.463333,-0.542250,-0.687141
1.466667,-0.544696,-0.696388
1.470000,-0.546949,-0.705387
1.473333,-0.549007,-0.714136
1.476667,-0.550870,-0.722630
1.480000,-0.552538,-0.730868
1.483333,-0.554008,-0.738846
1.486667,-0.555282,-0.746561
1.490000,-0.556358,-0.754011
1.493333,-0.557237,-0.761193
1.496667,-0.557917,-0.768104
1.500000,-0.558399,-0.774742
1.503333,-0.558683,-0.781104
1.506667,-0.558768,-0.787189
1.510000,-0.558654,-0.792994
1.513333,-0.558341,-0.798517
1.516667,-0.557830,-0.803756
1.520000,-0.557121,-0.808709
1.523333,-0.556214,-0.813375
1.526667,-0.555109,-0.817751
1.530000,-0.553806,-0.821837
1.533333,-0.552307,-0.825631
1.536667,-0.550611,-0.829131
1.540000,-0.548719,-0.832336
1.543333,-0.546633,-0.835245
1.546667,-0.544352,-0.837858
1.550000,-0.541877,-0.840172
1.553333,-0.539210,-0.842188
1.556667,-0.536351,-0.843904
1.560000,-0.533302,-0.845320
1.563333,-0.530062,-0.846436
1.566667,-0.526635,-0.847251
1.570000,-0.523020,-0.847764
1.573333,-0.519219,-0.847977
1.576667,-0.515234,-0.847887
1.580000,-0.511065,-0.847496
1.583333,-0.506714,-0.846804
1.586667,-0.502184,-0.845811
1.590000,-0.497475,-0.844517
1.593333,-0.492589,-0.842923
1.596667,-0.487528,-0.841029
1.600000,-0.482293,-0.838836
1.603333,-0.476887,-0.836345
1.606667,-0.471312,-0.833556
1.610000,-0.465569,-0.830471
1.613333,-0.459660,-0.827091
1.616667,-0.453588,-0.823417
1.620000,-0.447355,-0.819450
1.623333,-0.440963,-0.815191
1.626667,-0.434414,-0.810643
1.630000,-0.427710,-0.805807
1.633333,-0.420855,-0.800684
1.636667,-0.413849,-0.795276
1.640000,-0.406697,-0.789586
1.643333,-0.399400,-0.783615
1.646667,-0.391961,-0.777365
1.650000,-0.384383,-0.770839
1.653333,-0.376667,-0.764039
1.656667,-0.368819,-0.756967
1.660000,-0.360838,-0.749626
1.663333,-0.352730,-0.742018
1.666667,-0.344496,-0.734147
1.670000,-0.336140,-0.726015
1.673333,-0.327664,-0.717624
1.676667,-0.319072,-0.708979
1.680000,-0.310366,-0.700081
1.683333,-0.301550,-0.690934
1.686667,-0.292627,-0.681542
1.690000,-0.283599,-0.671908
1.693333,-0.274471,-0.662034
1.696667,-0.265246,-0.651925
1.700000,-0.255925,-0.641585
1.703333,-0.246514,-0.631016
1.706667,-0.237016,-0.620223
1.710000,-0.227433,-0.609209
1.713333,-0.217769,-0.597979
1.716667,-0.208028,-0.586536
1.720000,-0.198212,-0.574885
1.723333,-0.188327,-0.563029
1.726667,-0.178374,-0.550973
1.730000,-0.168358,-0.538721
1.733333,-0.158282,-0.526278
1.736667,-0.148150,-0.513647
1.740000,-0.137965,-0.500834
1.743333,-0.127731,-0.487843
1.746667,-0.117452,-0.474678
1.750000,-0.107131,-0.461345
1.753333,-0.096771,-0.447848
1.756667,-0.086378,-0.434191
1.760000,-0.075953,-0.420380
1.763333,-0.065502,-0.406419
1.766667,-0.055027,-0.392314
1.770000,-0.044533,-0.378070
1.773333,-0.034023,-0.363691
1.776667,-0.023501,-0.349183
1.780000,-0.012971,-0.334550
1.783333,-0.002436,-0.319799
1.786667,0.008100,-0.304934
1.790000,0.018633,-0.289961
1.793333,0.029160,-0.274884
1.796667,0.039676,-0.259710
1.800000,0.050178,-0.244443
1.803333,0.060662,-0.229090
1.806667,0.071125,-0.213655
1.810000,0.081562,-0.198144
1.813333,0.091970,-0.182562
1.816667,0.102346,-0.166916
1.820000,0.112685,-0.151210
1.823333,0.122984,-0.135451
1.826667,0.133239,-0.119643
1.830000,0.143447,-0.103793
1.833333,0.153604,-0.087906
1.836667,0.163707,-0.071988
1.840000,0.173751,-0.056044
1.843333,0.183733,-0.040081
1.846667,0.193650,-0.024102
1.850000,0.203499,-0.008116
1.853333,0.213275,0.007874
1.856667,0.222975,0.023860
1.860000,0.232595,0.039838
1.863333,0.242134,0.055802
1.866667,0.251586,0.071747
1.870000,0.260948,0.087665
1.873333,0.270218,0.103553
1.876667,0.279392,0.119404
1.880000,0.288466,0.135212
1.883333,0.297438,0.150972
1.886667,0.306304,0.166678
1.890000,0.315061,0.182326
1.893333,0.323706,0.197908
1.896667,0.332236,0.213420
1.900000,0.340648,0.228856
1.903333,0.348939,0.244211
1.906667,0.357105,0.259479
1.910000,0.365145,0.274655
1.913333,0.373055,0.289733
1.916667,0.380832,0.304708
1.920000,0.388474,0.319575
1.923333,0.395978,0.334328
1.926667,0.403341,0.348962
1.930000,0.410561,0.363472
1.933333,0.417634,0.377853
1.936667,0.424559,0.392099
1.940000,0.431333,0.406207
1.943333,0.437954,0.420169
1.946667,0.444419,0.433983
1.950000,0.450726,0.447642
1.953333,0.456873,0.461142
1.956667,0.462858,0.474478
1.960000,0.468678,0.487645
1.963333,0.474331,0.500639
1.966667,0.479815,0.513454
1.970000,0.485129,0.526088
1.973333,0.490271,0.538534
1.976667,0.495238,0.550789
1.980000,0.500029,0.562848
1.983333,0.504642,0.574707
1.986667,0.509076,0.586361
1.990000,0.513329,0.597807
1.993333,0.517399,0.609041
1.996667,0.521286,0.620057
2.000000,0.524987,0.630854
2.003333,0.528501,0.641426
2.006667,0.531828,0.651770
2.010000,0.534965,0.661883
2.013333,0.537912,0.671760
2.016667,0.540668,0.681398
2.020000,0.543232,0.690794
2.023333,0.545602,0.699944
2.026667,0.547779,0.708846
2.030000,0.549761,0.717495
2.033333,0.551547,0.725889
2.036667,0.553137,0.734026
2.040000,0.554531,0.741901
2.043333,0.555727,0.749512
2.046667,0.556726,0.756858
2.050000,0.557527,0.763933
2.053333,0.558130,0.770738
2.056667,0.558534,0.777268
2.060000,0.558740,0.783522
2.063333,0.558747,0.789497
2.066667,0.558555,0.795192
2.070000,0.558165,0.800604
2.073333,0.557576,0.805731
2.076667,0.556789,0.810572
2.080000,0.555804,0.815124
2.083333,0.554622,0.819387
2.086667,0.553242,0.823359
2.090000,0.551666,0.827037
2.093333,0.549893,0.830422
2.096667,0.547925,0.833511
2.100000,0.545762,0.836305
2.103333,0.543405,0.838800
2.106667,0.540855,0.840998
2.110000,0.538113,0.842896
2.113333,0.535179,0.844495
2.116667,0.532055,0.845793
2.120000,0.528742,0.846791
2.123333,0.525240,0.847488
2.126667,0.521552,0.847883
2.130000,0.517679,0.847977
2.133333,0.513622,0.847770
2.136667,0.509382,0.847261
2.140000,0.504960,0.846451
2.143333,0.500360,0.845340
2.146667,0.495581,0.843928
2.150000,0.490626,0.842216
2.153333,0.485497,0.840205
2.156667,0.480195,0.837895
2.160000,0.474723,0.835287
2.163333,0.469081,0.832382
2.166667,0.463273,0.829182
2.170000,0.457300,0.825686
2.173333,0.451165,0.821897
2.176667,0.444869,0.817815
2.180000,0.438415,0.813443
2.183333,0.431805,0.808782
2.186667,0.425041,0.803833
2.190000,0.418127,0.798598
2.193333,0.411064,0.793080
2.196667,0.403854,0.787279
2.200000,0.396501,0.781198
2.203333,0.389007,0.774840
2.206667,0.381375,0.768206
2.210000,0.373607,0.761299
2.213333,0.365707,0.754122
2.216667,0.357676,0.746676
2.220000,0.349518,0.738965
2.223333,0.341236,0.730991
2.226667,0.332832,0.722757
2.230000,0.324311,0.714266
2.233333,0.315674,0.705522
2.236667,0.306924,0.696526
2.240000,0.298066,0.687283
2.243333,0.289101,0.677795
2.246667,0.280034,0.668067
2.250000,0.270867,0.658100
2.253333,0.261604,0.647900
2.256667,0.252248,0.637470
2.260000,0.242802,0.626813
2.263333,0.233270,0.615933
2.266667,0.223655,0.604834
2.270000,0.213960,0.593520
2.273333,0.204190,0.581995
2.276667,0.194347,0.570263
2.280000,0.184434,0.558328
2.283333,0.174456,0.546195
2.286667,0.164416,0.533867
2.290000,0.154318,0.521350
2.293333,0.144165,0.508648
2.296667,0.133960,0.495764
2.300000,0.123708,0.482704
2.303333,0.113412,0.469473
2.306667,0.103075,0.456075
2.310000,0.092702,0.442514
2.313333,0.082296,0.428797
2.316667,0.071861,0.414926
2.320000,0.061400,0.400909
2.323333,0.050917,0.386748
2.326667,0.040416,0.372451
2.330000,0.029901,0.358020
2.333333,0.019375,0.343463
2.336667,0.008842,0.328783
2.340000,-0.001693,0.313987
2.343333,-0.012229,0.299079
2.346667,-0.022760,0.284064
2.350000,-0.033282,0.268949
2.353333,-0.043793,0.253738
2.356667,-0.054289,0.238436
2.360000,-0.064765,0.223050
2.363333,-0.075218,0.207585
2.366667,-0.085644,0.192046
2.370000,-0.096040,0.176438
2.373333,-0.106402,0.160768
2.376667,-0.116726,0.145041
2.380000,-0.127008,0.129262
2.383333,-0.137246,0.113437
2.386667,-0.147434,0.097572
2.390000,-0.157570,0.081672
2.393333,-0.167650,0.065743
2.396667,-0.177671,0.049790
2.400000,-0.187628,0.033820
2.403333,-0.197518,0.017838
2.406667,-0.207339,0.001850
2.410000,-0.217085,-0.014139
2.413333,-0.226755,-0.030123
2.416667,-0.236343,-0.046097
2.420000,-0.245848,-0.062054
2.423333,-0.255265,-0.077988
2.426667,-0.264592,-0.093896
2.430000,-0.273825,-0.109769
2.433333,-0.282960,-0.125604
2.436667,-0.291994,-0.141394
2.440000,-0.300925,-0.157134
2.443333,-0.309749,-0.172818
2.446667,-0.318462,-0.188440
2.450000,-0.327063,-0.203996
2.453333,-0.335547,-0.219479
2.456667,-0.343912,-0.234884
2.460000,-0.352154,-0.250205
2.463333,-0.360271,-0.265438
2.466667,-0.368261,-0.280576
2.470000,-0.376119,-0.295614
2.473333,-0.383843,-0.310547
2.476667,-0.391432,-0.325370
2.480000,-0.398880,-0.340077
2.483333,-0.406188,-0.354663
2.486667,-0.413350,-0.369123
2.490000,-0.420366,-0.383452
2.493333,-0.427232,-0.397645
2.496667,-0.433947,-0.411696
2.500000,-0.440507,-0.425601
2.503333,-0.446910,-0.439354
2.506667,-0.453155,-0.452951
2.510000,-0.459238,-0.466388
2.513333,-0.465158,-0.479658
2.516667,-0.470913,-0.492758
2.520000,-0.476500,-0.505683
2.523333,-0.481918,-0.518427
2.526667,-0.487165,-0.530988
2.530000,-0.492238,-0.543360
2.533333,-0.497136,-0.555538
2.536667,-0.501858,-0.567519
2.540000,-0.506401,-0.579298
2.543333,-0.510764,-0.590872
2.546667,-0.514946,-0.602235
2.550000,-0.518944,-0.613384
2.553333,-0.522758,-0.624315
2.556667,-0.526386,-0.635024
2.560000,-0.529827,-0.645507
2.563333,-0.533080,-0.655761
2.566667,-0.536143,-0.665782
2.570000,-0.539015,-0.675565
2.573333,-0.541696,-0.685109
2.576667,-0.544184,-0.694409
2.580000,-0.546479,-0.703462
2.583333,-0.548579,-0.712265
2.586667,-0.550484,-0.720815
2.590000,-0.552194,-0.729109
2.593333,-0.553707,-0.737143
2.596667,-0.555023,-0.744915
2.600000,-0.556142,-0.752423
2.603333,-0.557064,-0.759663
2.606667,-0.557787,-0.766632
2.610000,-0.558312,-0.773330
2.613333,-0.558638,-0.779752
2.616667,-0.558766,-0.785897
2.620000,-0.558695,-0.791762
2.623333,-0.558426,-0.797347
2.626667,-0.557958,-0.802647
2.630000,-0.557291,-0.807662
2.633333,-0.556427,-0.812390
2.636667,-0.555364,-0.816830
2.640000,-0.554105,-0.820978
2.643333,-0.552648,-0.824835
2.646667,-0.550994,-0.828399
2.650000,-0.549145,-0.831668
2.653333,-0.547100,-0.834641
2.656667,-0.544861,-0.837318
2.660000,-0.542429,-0.839697
2.663333,-0.539803,-0.841777
2.666667,-0.536986,-0.843558
2.670000,-0.533977,-0.845040
2.673333,-0.530779,-0.846220
2.676667,-0.527392,-0.847100
2.680000,-0.523817,-0.847679
2.683333,-0.520056,-0.847956
2.686667,-0.516111,-0.847932
2.690000,-0.511982,-0.847606
2.693333,-0.507670,-0.846979
2.696667,-0.503179,-0.846051
2.700000,-0.498508,-0.844822
2.703333,-0.493660,-0.843293
2.706667,-0.488637,-0.841464
2.710000,-0.483440,-0.839335
2.713333,-0.478071,-0.836908
2.716667,-0.472532,-0.834184
2.720000,-0.466825,-0.831163
2.723333,-0.460952,-0.827847
2.726667,-0.454915,-0.824236
2.730000,-0.448716,-0.820332
2.733333,-0.442358,-0.816137
2.736667,-0.435843,-0.811651
2.740000,-0.429173,-0.806877
2.743333,-0.422350,-0.801816
2.746667,-0.415377,-0.796469
2.750000,-0.408256,-0.790840
2.753333,-0.400990,-0.784929
2.756667,-0.393581,-0.778740
2.760000,-0.386033,-0.772273
2.763333,-0.378347,-0.765532
2.766667,-0.370527,-0.758519
2.770000,-0.362575,-0.751236
2.773333,-0.354494,-0.743686
2.776667,-0.346287,-0.735871
2.780000,-0.337957,-0.727795
2.783333,-0.329507,-0.719460
2.786667,-0.320939,-0.710869
2.790000,-0.312258,-0.702026
2.793333,-0.303466,-0.692933
2.796667,-0.294565,-0.683594
2.800000,-0.285560,-0.674011
2.803333,-0.276453,-0.664189
2.806667,-0.267248,-0.654131
2.810000,-0.257948,-0.643840
2.813333,-0.248557,-0.633320
2.816667,-0.239077,-0.622575
2.820000,-0.229512,-0.611609
2.823333,-0.219865,-0.600425
2.826667,-0.210140,-0.589028
2.830000,-0.200341,-0.577421
2.833333,-0.190470,-0.565610
2.836667,-0.180532,-0.553597
2.840000,-0.170529,-0.541387
2.843333,-0.160466,-0.528984
2.846667,-0.150345,-0.516394
2.850000,-0.140171,-0.503620
2.853333,-0.129948,-0.490667
2.856667,-0.119678,-0.477539
2.860000,-0.109366,-0.464242
2.863333,-0.099014,-0.450780
2.866667,-0.088628,-0.437157
2.870000,-0.078210,-0.423379
2.873333,-0.067764,-0.409450
2.876667,-0.057294,-0.395376
2.880000,-0.046804,-0.381161
2.883333,-0.036297,-0.366811
2.886667,-0.025777,-0.352330
2.890000,-0.015248,-0.337724
2.893333,-0.004714,-0.322998
2.896667,0.005822,-0.308157
2.900000,0.016356,-0.293207
2.903333,0.026885,-0.278152
2.906667,0.037403,-0.262999
2.910000,0.047908,-0.247752
2.913333,0.058397,-0.232416
2.916667,0.068864,-0.216999
2.920000,0.079307,-0.201504
2.923333,0.089722,-0.185937
2.926667,0.100105,-0.170304
2.930000,0.110453,-0.154611
2.933333,0.120761,-0.138863
2.936667,0.131026,-0.123065
2.940000,0.141244,-0.107224
2.943333,0.151413,-0.091344
2.946667,0.161527,-0.075432
2.950000,0.171584,-0.059494
2.953333,0.181580,-0.043534
2.956667,0.191512,-0.027558
2.960000,0.201375,-0.011573
2.963333,0.211167,0.004416
2.966667,0.220884,0.020404
2.970000,0.230522,0.036385
2.973333,0.240078,0.052352
2.976667,0.249549,0.068301
2.980000,0.258931,0.084226
2.983333,0.268222,0.100121
2.986667,0.277416,0.115980
2.990000,0.286512,0.131798
2.993333,0.295507,0.147569
2.996667,0.304396,0.163287
3.000000,0.313177,0.178948
3.003333,0.321846,0.194545
3.006667,0.330402,0.210072
3.010000,0.338839,0.225525
3.013333,0.347156,0.240898
3.016667,0.355350,0.256185
3.020000,0.363418,0.271382
3.023333,0.371356,0.286481
3.026667,0.379162,0.301479
3.030000,0.386834,0.316370
3.033333,0.394367,0.331148
3.036667,0.401761,0.345808
3.040000,0.409012,0.360345
3.043333,0.416117,0.374755
3.046667,0.423075,0.389031
3.050000,0.429882,0.403168
3.053333,0.436536,0.417163
3.056667,0.443035,0.431009
3.060000,0.449376,0.444702
3.063333,0.455558,0.458236
3.066667,0.461578,0.471608
3.070000,0.467433,0.484812
3.073333,0.473123,0.497844
3.076667,0.478644,0.510699
3.080000,0.483995,0.523372
3.083333,0.489174,0.535859
3.086667,0.494179,0.548156
3.090000,0.499008,0.560257
3.093333,0.503660,0.572160
3.096667,0.508133,0.583859
3.100000,0.512425,0.595350
3.103333,0.516535,0.606630
3.106667,0.520461,0.617694
3.110000,0.524202,0.628538
3.113333,0.527757,0.639159
3.116667,0.531124,0.649553
3.120000,0.534303,0.659716
3.123333,0.537291,0.669644
3.126667,0.540088,0.679334
3.130000,0.542694,0.688783
3.133333,0.545106,0.697987
3.136667,0.547325,0.706942
3.140000,0.549349,0.715646
3.143333,0.551178,0.724096
3.146667,0.552810,0.732288
3.150000,0.554246,0.740220
3.153333,0.555485,0.747889
3.156667,0.556527,0.755292
3.160000,0.557371,0.762426
3.163333,0.558016,0.769290
3.166667,0.558464,0.775879
3.170000,0.558712,0.782193
3.173333,0.558762,0.788229
3.176667,0.558613,0.793984
3.180000,0.558266,0.799458
3.183333,0.557720,0.804647
3.186667,0.556976,0.809550
3.190000,0.556034,0.814165
3.193333,0.554894,0.818490
3.196667,0.553557,0.822525
3.200000,0.552023,0.826267
3.203333,0.550293,0.829715
3.206667,0.548367,0.832869
3.210000,0.546246,0.835726
3.213333,0.543931,0.838286
3.216667,0.541423,0.840548
3.220000,0.538722,0.842511
3.223333,0.535829,0.844175
3.226667,0.532746,0.845538
3.230000,0.529474,0.846601
3.233333,0.526013,0.847363
3.236667,0.522366,0.847824
3.240000,0.518532,0.847983
3.243333,0.514514,0.847840
3.246667,0.510314,0.847396
3.250000,0.505932,0.846651
3.253333,0.501370,0.845605
3.256667,0.496629,0.844259
3.260000,0.491712,0.842612
3.263333,0.486621,0.840665
3.266667,0.481356,0.838420
3.270000,0.475920,0.835876
3.273333,0.470315,0.833036
3.276667,0.464543,0.829899
3.280000,0.458606,0.826467
3.283333,0.452505,0.822741
3.286667,0.446244,0.818723
3.290000,0.439824,0.814413
3.293333,0.433247,0.809814
3.296667,0.426517,0.804927
3.300000,0.419635,0.799754
3.303333,0.412603,0.794297
3.306667,0.405425,0.788557
3.310000,0.398103,0.782537
3.313333,0.390640,0.776238
3.316667,0.383037,0.769664
3.320000,0.375298,0.762816
3.323333,0.367426,0.755697
3.326667,0.359423,0.748309
3.330000,0.351293,0.740655
3.333333,0.343037,0.732737
3.336667,0.334660,0.724559
3.340000,0.326163,0.716124
3.343333,0.317551,0.707434
3.346667,0.308825,0.698492
3.350000,0.299990,0.689302
3.353333,0.291048,0.679867
3.356667,0.282003,0.670190
3.360000,0.272858,0.660275
3.363333,0.263615,0.650125
3.366667,0.254279,0.639744
3.370000,0.244852,0.629136
3.373333,0.235338,0.618304
3.376667,0.225741,0.607252
3.380000,0.216063,0.595984
3.383333,0.206309,0.584504
3.386667,0.196481,0.572817
3.390000,0.186583,0.560925
3.393333,0.176619,0.548835
3.396667,0.166592,0.536549
3.400000,0.156506,0.524072
3.403333,0.146364,0.511410
3.406667,0.136171,0.498565
3.410000,0.125928,0.485543
3.413333,0.115641,0.472348
3.416667,0.105313,0.458986
3.420000,0.094948,0.445460
3.423333,0.084549,0.431776
3.426667,0.074119,0.417938
3.430000,0.063664,0.403952
3.433333,0.053185,0.389822
3.436667,0.042688,0.375553
3.440000,0.032176,0.361151
3.443333,0.021652,0.346621
3.446667,0.011120,0.331967
3.450000,0.000585,0.317196
3.453333,-0.009951,0.302311
3.456667,-0.020483,0.287319
3.460000,-0.031008,0.272225
3.463333,-0.041522,0.257034
3.466667,-0.052021,0.241752
3.470000,-0.062502,0.226384
3.473333,-0.072960,0.210935
3.476667,-0.083392,0.195412
3.480000,-0.093795,0.179818
3.483333,-0.104165,0.164161
3.486667,-0.114497,0.148446
3.490000,-0.124789,0.132677
3.493333,-0.135036,0.116862
3.496667,-0.145235,0.101005
3.500000,-0.155383,0.085112
3.503333,-0.165476,0.069189
3.506667,-0.175509,0.053241
3.510000,-0.185480,0.037275
3.513333,-0.195386,0.021295
3.516667,-0.205221,0.005307
3.520000,-0.214984,-0.010682
3.523333,-0.224671,-0.026668
3.526667,-0.234277,-0.042644
3.530000,-0.243800,-0.058605
3.533333,-0.253237,-0.074545
3.536667,-0.262583,-0.090459
3.540000,-0.271836,-0.106340
3.543333,-0.280993,-0.122184
3.546667,-0.290049,-0.137984
3.550000,-0.299003,-0.153735
3.553333,-0.307850,-0.169432
3.556667,-0.316588,-0.185068
3.560000,-0.325213,-0.200638
3.563333,-0.333722,-0.216137
3.566667,-0.342113,-0.231560
3.570000,-0.350382,-0.246900
3.573333,-0.358527,-0.262152
3.576667,-0.366544,-0.277311
3.580000,-0.374431,-0.292371
3.583333,-0.382185,-0.307328
3.586667,-0.389803,-0.322175
3.590000,-0.397282,-0.336907
3.593333,-0.404620,-0.351520
3.596667,-0.411814,-0.366008
3.600000,-0.418862,-0.380365
3.603333,-0.425760,-0.394588
3.606667,-0.432508,-0.408670
3.610000,-0.439101,-0.422607
3.613333,-0.445539,-0.436393
3.616667,-0.451818,-0.450025
3.620000,-0.457936,-0.463496
3.623333,-0.463892,-0.476803
3.626667,-0.469683,-0.489940
3.630000,-0.475306,-0.502903
3.633333,-0.480761,-0.515687
3.636667,-0.486045,-0.528288
3.640000,-0.491156,-0.540701
3.643333,-0.496092,-0.552922
3.646667,-0.500852,-0.564946
3.650000,-0.505434,-0.576769
3.653333,-0.509836,-0.588387
3.656667,-0.514057,-0.599796
3.660000,-0.518095,-0.610992
3.663333,-0.521949,-0.621970
3.666667,-0.525618,-0.632728
3.670000,-0.529099,-0.643260
3.673333,-0.532392,-0.653564
3.676667,-0.535496,-0.663635
3.680000,-0.538410,-0.673470
3.683333,-0.541132,-0.683066
3.686667,-0.543662,-0.692419
3.690000,-0.545999,-0.701526
3.693333,-0.548141,-0.710383
3.696667,-0.550089,-0.718988
3.700000,-0.551841,-0.727337
3.703333,-0.553396,-0.735428
3.706667,-0.554755,-0.743257
3.710000,-0.555917,-0.750822
3.713333,-0.556881,-0.758120
3.716667,-0.557647,-0.765148
3.720000,-0.558215,-0.771905
3.723333,-0.558585,-0.778387
3.726667,-0.558755,-0.784592
3.730000,-0.558727,-0.790518
3.733333,-0.558501,-0.796163
3.736667,-0.558076,-0.801525
3.740000,-0.557452,-0.806602
3.743333,-0.556630,-0.811393
3.746667,-0.555611,-0.815894
3.750000,-0.554394,-0.820106
3.753333,-0.552979,-0.824026
3.756667,-0.551368,-0.827653
3.760000,-0.549561,-0.830986
3.763333,-0.547559,-0.834024
3.766667,-0.545362,-0.836765
3.770000,-0.542971,-0.839208
3.773333,-0.540387,-0.841353
3.776667,-0.537611,-0.843199
3.780000,-0.534644,-0.844745
3.783333,-0.531486,-0.845991
3.786667,-0.528140,-0.846936
3.790000,-0.524606,-0.847579
3.793333,-0.520885,-0.847922
3.796667,-0.516980,-0.847963
3.800000,-0.512890,-0.847702
3.803333,-0.508618,-0.847140
3.806667,-0.504165,-0.846277
3.810000,-0.499533,-0.845113
3.813333,-0.494723,-0.843649
3.816667,-0.489738,-0.841884
3.820000,-0.484578,-0.839821
3.823333,-0.479246,-0.837458
3.826667,-0.473744,-0.834798
3.830000,-0.468073,-0.831841
3.833333,-0.462236,-0.828589
3.836667,-0.456234,-0.825042
3.840000,-0.450070,-0.821201
3.843333,-0.443747,-0.817068
3.846667,-0.437265,-0.812645
3.850000,-0.430628,-0.807933
3.853333,-0.423838,-0.802934
3.856667,-0.416897,-0.797649
3.860000,-0.409808,-0.792081
3.863333,-0.402573,-0.786231
3.866667,-0.395195,-0.780101
3.870000,-0.387677,-0.773695
3.873333,-0.380020,-0.767013
3.876667,-0.372229,-0.760058
3.880000,-0.364305,-0.752833
3.883333,-0.356252,-0.745341
3.886667,-0.348072,-0.737583
3.890000,-0.339768,-0.729563
3.893333,-0.331344,-0.721284
3.896667,-0.322802,-0.712748
3.900000,-0.314145,-0.703959
3.903333,-0.305376,-0.694920
3.906667,-0.296499,-0.685634
3.910000,-0.287516,-0.676103
3.913333,-0.278431,-0.666333
3.916667,-0.269247,-0.656325
3.920000,-0.259967,-0.646085
3.923333,-0.250595,-0.635614
3.926667,-0.241134,-0.624917
3.930000,-0.231587,-0.613999
3.933333,-0.221958,-0.602862
3.936667,-0.212249,-0.591510
3.940000,-0.202466,-0.579949
3.943333,-0.192610,-0.568181
3.946667,-0.182686,-0.556211
3.950000,-0.172697,-0.544043
3.953333,-0.162646,-0.531682
3.956667,-0.152538,-0.519132
3.960000,-0.142376,-0.506397
3.963333,-0.132162,-0.493483
3.966667,-0.121902,-0.480392
3.970000,-0.111599,-0.467131
3.973333,-0.101256,-0.453704
3.976667,-0.090876,-0.440116
3.980000,-0.080465,-0.426371
3.983333,-0.070025,-0.412474
3.986667,-0.059560,-0.398431
3.990000,-0.049074,-0.384247
3.993333,-0.038570,-0.369925
3.996667,-0.028053,-0.355472
4.000000,-0.017525,-0.340893
4.003333,-0.006992,-0.326192
4.006667,0.003544,-0.311376
4.010000,0.014079,-0.296449
4.013333,0.024609,-0.281416
4.016667,0.035130,-0.266283
4.020000,0.045638,-0.251056
4.023333,0.056131,-0.235739
4.026667,0.066603,-0.220339
4.030000,0.077052,-0.204860
4.033333,0.087473,-0.189309
4.036667,0.097863,-0.173690
4.040000,0.108218,-0.158009
4.043333,0.118535,-0.142272
4.046667,0.128810,-0.126485
4.050000,0.139039,-0.110652
4.053333,0.149219,-0.094781
4.056667,0.159345,-0.078875
4.060000,0.169415,-0.062942
4.063333,0.179424,-0.046986
4.066667,0.189370,-0.031013
4.070000,0.199249,-0.015030
4.073333,0.209056,0.000959
4.076667,0.218789,0.016948
4.080000,0.228445,0.032930
4.083333,0.238019,0.048901
4.086667,0.247509,0.064855
4.090000,0.256911,0.080785
4.093333,0.266221,0.096687
4.096667,0.275436,0.112554
4.100000,0.284554,0.128381
4.103333,0.293571,0.144163
4.106667,0.302483,0.159893
4.110000,0.311287,0.175567
4.113333,0.319981,0.191178
4.116667,0.328562,0.206721
4.120000,0.337025,0.222191
4.123333,0.345368,0.237581
4.126667,0.353589,0.252888
4.130000,0.361684,0.268104
4.133333,0.369651,0.283225
4.136667,0.377486,0.298245
4.140000,0.385186,0.313159
4.143333,0.392750,0.327962
4.146667,0.400174,0.342648
4.150000,0.407456,0.357213
4.153333,0.414593,0.371650
4.156667,0.421583,0.385956
4.160000,0.428423,0.400124
4.163333,0.435110,0.414149
4.166667,0.441643,0.428028
4.170000,0.448019,0.441754
4.173333,0.454235,0.455324
4.176667,0.460290,0.468731
4.180000,0.466181,0.481972
4.183333,0.471907,0.495041
4.186667,0.477464,0.507935
4.190000,0.482852,0.520647
4.193333,0.488069,0.533175
4.196667,0.493111,0.545513
4.200000,0.497979,0.557657
4.203333,0.502669,0.569603
4.206667,0.507181,0.581347
4.210000,0.511512,0.592883
4.213333,0.515662,0.604209
4.216667,0.519628,0.615320
4.220000,0.523409,0.626212
4.223333,0.527004,0.636882
4.226667,0.530412,0.647325
4.230000,0.533632,0.657538
4.233333,0.536661,0.667518
4.236667,0.539500,0.677259
4.240000,0.542147,0.686761
4.243333,0.544601,0.696018
4.246667,0.546862,0.705027
4.250000,0.548928,0.713786
4.253333,0.550799,0.722291
4.256667,0.552474,0.730539
4.260000,0.553953,0.738528
4.263333,0.555234,0.746253
4.266667,0.556319,0.753714
4.270000,0.557205,0.760907
4.273333,0.557894,0.767829
4.276667,0.558384,0.774478
4.280000,0.558675,0.780852
4.283333,0.558768,0.786948
4.286667,0.558662,0.792764
4.290000,0.558358,0.798298
4.293333,0.557855,0.803549
4.296667,0.557154,0.808514
4.300000,0.556254,0.813191
4.303333,0.555157,0.817580
4.306667,0.553863,0.821677
4.310000,0.552371,0.825483
4.313333,0.550684,0.828995
4.316667,0.548800,0.832212
4.320000,0.546721,0.835133
4.323333,0.544448,0.837758
4.326667,0.541981,0.840084
4.330000,0.539322,0.842112
4.333333,0.536471,0.843840
4.336667,0.533429,0.845269
4.340000,0.530197,0.846397
4.343333,0.526777,0.847224
4.346667,0.523170,0.847749
4.350000,0.519377,0.847974
4.353333,0.515399,0.847897
4.356667,0.511237,0.847518
4.360000,0.506894,0.846838
4.363333,0.502371,0.845857
4.366667,0.497669,0.844575
4.370000,0.492790,0.842993
4.373333,0.487736,0.841111
4.376667,0.482509,0.838930
4.380000,0.477110,0.836451
4.383333,0.471541,0.833675
4.386667,0.465805,0.830602
4.390000,0.459903,0.827234
4.393333,0.453838,0.823571
4.396667,0.447611,0.819616
4.400000,0.441225,0.815370
4.403333,0.434682,0.810833
4.406667,0.427985,0.806008
4.410000,0.421135,0.800897
4.413333,0.414136,0.795501
4.416667,0.406990,0.789822
4.420000,0.399699,0.783862
4.423333,0.392265,0.777624
4.426667,0.384692,0.771109
4.430000,0.376983,0.764320
4.433333,0.369139,0.757259
4.436667,0.361165,0.749929
4.440000,0.353061,0.742332
4.443333,0.344833,0.734471
4.446667,0.336481,0.726349
4.450000,0.328010,0.717969
4.453333,0.319423,0.709334
4.456667,0.310721,0.700447
4.460000,0.301910,0.691310
4.463333,0.292991,0.681928
4.466667,0.283968,0.672303
4.470000,0.274843,0.662439
4.473333,0.265622,0.652340
4.476667,0.256305,0.642008
4.480000,0.246898,0.631449
4.483333,0.237403,0.620665
4.486667,0.227823,0.609660
4.490000,0.218162,0.598439
4.493333,0.208424,0.587004
4.496667,0.198612,0.575361
4.500000,0.188729,0.563514
4.503333,0.178779,0.551466
4.506667,0.168765,0.539222
4.510000,0.158692,0.526786
4.513333,0.148562,0.514163
4.516667,0.138379,0.501357
4.520000,0.128147,0.488373
4.523333,0.117869,0.475216
4.526667,0.107550,0.461889
4.530000,0.097192,0.448398
4.533333,0.086800,0.434748
4.536667,0.076377,0.420943
4.540000,0.065926,0.406988
4.543333,0.055453,0.392889
4.546667,0.044959,0.378650
4.550000,0.034450,0.364277
4.553333,0.023928,0.349773
4.556667,0.013398,0.335146
4.560000,0.002863,0.320399
4.563333,-0.007673,0.305539
4.566667,-0.018206,0.290570
4.570000,-0.028733,0.275497
4.573333,-0.039250,0.260327
4.576667,-0.049752,0.245064
4.580000,-0.060237,0.229714
4.583333,-0.070701,0.214282
4.586667,-0.081139,0.198774
4.590000,-0.091549,0.183195
4.593333,-0.101926,0.167552
4.596667,-0.112266,0.151848
4.600000,-0.122567,0.136091
4.603333,-0.132824,0.120285
4.606667,-0.143034,0.104437
4.610000,-0.153194,0.088551
4.613333,-0.163298,0.072634
4.616667,-0.173345,0.056691
4.620000,-0.183330,0.040728
4.623333,-0.193250,0.024751
4.626667,-0.203101,0.008764
4.630000,-0.212880,-0.007225
4.633333,-0.222583,-0.023212
4.636667,-0.232207,-0.039191
4.640000,-0.241748,-0.055155
4.643333,-0.251204,-0.071101
4.646667,-0.260570,-0.087020
4.650000,-0.269844,-0.102909
4.653333,-0.279021,-0.118762
4.656667,-0.288100,-0.134572
4.660000,-0.297076,-0.150334
4.663333,-0.305946,-0.166043
4.666667,-0.314708,-0.181692
4.670000,-0.323358,-0.197278
4.673333,-0.331892,-0.212793
4.676667,-0.340309,-0.228232
4.680000,-0.348605,-0.243590
4.683333,-0.356777,-0.258862
4.686667,-0.364822,-0.274041
4.690000,-0.372737,-0.289123
4.693333,-0.380520,-0.304103
4.696667,-0.388167,-0.318974
4.700000,-0.395676,-0.333732
4.703333,-0.403045,-0.348371
4.706667,-0.410271,-0.362886
4.710000,-0.417350,-0.377272
4.713333,-0.424281,-0.391524
4.716667,-0.431062,-0.405637
4.720000,-0.437689,-0.419606
4.723333,-0.444160,-0.433426
4.726667,-0.450474,-0.447091
4.730000,-0.456627,-0.460597
4.733333,-0.462618,-0.473940
4.736667,-0.468445,-0.487114
4.740000,-0.474105,-0.500115
4.743333,-0.479596,-0.512938
4.746667,-0.484917,-0.525579
4.750000,-0.490066,-0.538033
4.753333,-0.495040,-0.550296
4.756667,-0.499838,-0.562363
4.760000,-0.504459,-0.574230
4.763333,-0.508900,-0.585892
4.766667,-0.513160,-0.597347
4.770000,-0.517238,-0.608589
4.773333,-0.521132,-0.619615
4.776667,-0.524840,-0.630421
4.780000,-0.528362,-0.641002
4.783333,-0.531696,-0.651355
4.786667,-0.534841,-0.661477
4.790000,-0.537796,-0.671364
4.793333,-0.540560,-0.681012
4.796667,-0.543132,-0.690418
4.800000,-0.545510,-0.699578
4.803333,-0.547695,-0.708490
4.806667,-0.549684,-0.717149
4.810000,-0.551479,-0.725554
4.813333,-0.553077,-0.733701
4.816667,-0.554478,-0.741587
4.820000,-0.555683,-0.749209
4.823333,-0.556690,-0.756565
4.826667,-0.557499,-0.763652
4.830000,-0.558109,-0.770467
4.833333,-0.558522,-0.777009
4.836667,-0.558735,-0.783274
4.840000,-0.558750,-0.789260
4.843333,-0.558567,-0.794966
4.846667,-0.558185,-0.800390
4.850000,-0.557604,-0.805529
4.853333,-0.556825,-0.810381
4.856667,-0.555848,-0.814945
4.860000,-0.554674,-0.819220
4.863333,-0.553302,-0.823203
4.866667,-0.551733,-0.826894
4.870000,-0.549969,-0.830291
4.873333,-0.548009,-0.833392
4.876667,-0.545854,-0.836197
4.880000,-0.543504,-0.838705
4.883333,-0.540962,-0.840914
4.886667,-0.538227,-0.842825
4.890000,-0.535302,-0.844436
4.893333,-0.532185,-0.845747
4.896667,-0.528880,-0.846757
4.900000,-0.525386,-0.847466
4.903333,-0.521706,-0.847873
4.906667,-0.517840,-0.847979
4.910000,-0.513790,-0.847784
4.913333,-0.509557,-0.847287
4.916667,-0.505143,-0.846489
4.920000,-0.500550,-0.845390
4.923333,-0.495778,-0.843991
4.926667,-0.490831,-0.842291
4.930000,-0.485708,-0.840292
4.933333,-0.480414,-0.837994
4.936667,-0.474948,-0.835399
4.940000,-0.469313,-0.832506
4.943333,-0.463512,-0.829317
4.946667,-0.457546,-0.825833
4.950000,-0.451417,-0.822056
4.953333,-0.445127,-0.817987
4.956667,-0.438680,-0.813626
4.960000,-0.432076,-0.808977
4.963333,-0.425319,-0.804039
4.966667,-0.418410,-0.798816
4.970000,-0.411353,-0.793309
4.973333,-0.404150,-0.787520
4.976667,-0.396802,-0.781450
4.980000,-0.389314,-0.775103
4.983333,-0.381687,-0.768481
4.986667,-0.373925,-0.761585
4.990000,-0.366030,-0.754418
4.993333,-0.358004,-0.746983
4.996667,-0.349851,-0.739283
