5.000000
4.900500
4.802000
4.704500
4.608000
4.512500
4.418000
4.324500
4.232000
4.140500
4.050000
3.960500
3.872000
3.784500
3.698000
3.612500
3.528000
3.444500
3.362000
3.280500
3.200000
3.120500
3.042000
2.964500
2.888000
2.812500
2.738000
2.664500
2.592000
2.520500
2.450000
2.380500
2.312000
2.244500
2.178000
2.112500
2.048000
1.984500
1.922000
1.860500
1.800000
1.740500
1.682000
1.624500
1.568000
1.512500
1.458000
1.404500
1.352000
1.300500
1.250000
1.200500
1.152000
1.104500
1.058000
1.012500
0.968000
0.924500
0.882000
0.840500
0.800000
0.760500
0.722000
0.684500
0.648000
0.612500
0.578000
0.544500
0.512000
0.480500
0.450000
0.420500
0.392000
0.364500
0.338000
0.312500
0.288000
0.264500
0.242000
0.220500
0.200000
0.180500
0.162000
0.144500
0.128000
0.112500
0.098000
0.084500
0.072000
0.060500
0.050000
0.040500
0.032000
0.024500
0.018000
0.012500
0.008000
0.004500
0.002000
0.000500
0.000000
0.000500
0.002000
0.004500
0.008000
0.012500
0.018000
0.024500
0.032000
0.040500
0.050000
0.060500
0.072000
0.084500
0.098000
0.112500
0.128000
0.144500
0.162000
0.180500
0.200000
0.220500
0.242000
0.264500
0.288000
0.312500
0.338000
0.364500
0.392000
0.420500
0.450000
0.480500
0.512000
0.544500
0.578000
0.612500
0.648000
0.684500
0.722000
0.760500
0.800000
0.840500
0.882000
0.924500
0.968000
1.012500
1.058000
1.104500
1.152000
1.200500
1.250000
1.300500
1.352000
1.404500
1.458000
1.512500
1.568000
1.624500
1.682000
1.740500
1.800000
1.860500
1.922000
1.984500
2.048000
2.112500
2.178000
2.244500
2.312000
2.380500
2.450000
2.520500
2.592000
2.664500
2.738000
2.812500
2.888000
2.964500
3.042000
3.120500
3.200000
3.280500
3.362000
3.444500
3.528000
3.612500
3.698000
3.784500
3.872000
3.960500
4.050000
4.140500
4.232000
4.324500
4.418000
4.512500
4.608000
4.704500
4.802000
4.900500
